#ifndef PROBLEM_H
#define PROBLEM_H
#include <iostream>
#include <vector>

#include "matrix.hpp"

#define APO

static const int media = 200;
static const int segments = 20;

static const std::vector< std::vector<float> > restr_rep {{1.70167,1.10136,8.78979,6.27737,1.84236,9.18432,9.55787,6.26215,7.04032,7.07914,4.67606,2.98406,3.35533,8.73486,3.91939,9.63455,5.56593,8.91028,6.25435,5.42999},
{3.38027,9.23033,9.05305,5.953,6.37891,5.11797,7.30671,8.68135,1.41833,4.51856,7.42282,1.42603,9.78451,5.35554,7.36878,6.84165,2.21073,7.4836,8.02809,7.84415},
{4.8031,9.10125,8.67476,3.93852,8.58055,4.52446,5.36737,8.94027,1.9059,2.54774,7.42545,3.79923,9.14169,8.76591,9.36893,1.4865,1.49135,7.09562,8.59004,7.33981},
{8.53992,2.73353,1.77682,6.77852,6.846,4.58508,2.72081,1.66018,2.96632,4.30318,1.01284,2.41713,2.90973,5.93451,4.35705,9.50036,1.78032,6.52082,8.59281,6.10344},
{3.71942,3.88418,6.37801,7.49736,8.77335,7.77831,7.99685,4.00755,7.7244,9.33945,5.82627,4.06772,4.39181,6.62901,6.9382,8.44391,9.9189,7.22138,4.85644,2.64944},
{4.45259,3.20521,4.9485,6.48659,4.20498,4.84164,4.84895,1.13754,5.97729,9.95573,3.52233,3.55397,1.54655,5.06396,2.72394,6.53308,1.6522,5.516,8.38882,2.49149},
{1.52771,8.01035,2.15431,1.94547,1.96295,2.44813,1.32858,9.22946,4.35259,1.96757,1.6123,2.98879,2.363,1.87976,3.60341,6.73933,3.49218,9.12862,3.81353,6.91946},
{1.64736,1.66348,8.53806,2.55924,7.83798,1.481,2.59745,4.21235,1.4885,4.83282,7.00275,9.5313,8.64045,7.68862,2.17837,7.64397,9.54411,2.99485,4.55779,6.42622},
{4.93313,1.14229,9.27051,6.5394,9.55607,5.78315,1.9522,4.30754,5.71911,8.14381,1.18855,2.72273,9.60028,7.40315,1.24847,2.60128,1.19472,9.80603,9.79214,8.01422},
{8.29124,2.25459,6.58205,5.62228,3.22092,8.47843,7.21477,6.2155,4.95013,9.82965,2.6945,6.08359,5.96749,9.77301,4.60463,3.24547,6.70193,7.78742,1.98806,3.41565},
{5.38256,6.53795,9.30095,4.45542,7.94053,8.16574,3.19949,1.43195,5.99472,9.2829,9.55112,5.93491,3.83454,6.81649,7.43523,9.19362,9.67387,7.03479,3.26908,4.67606},
{9.2119,4.82174,4.64341,9.34596,7.74102,1.22538,1.66474,3.42871,3.54874,4.41951,8.51035,9.97373,8.65246,1.26062,3.7305,2.45322,9.63083,4.50189,5.96071,2.87945},
{6.36891,8.21403,2.17281,7.88437,5.42307,2.16647,7.16628,4.66249,7.86083,3.91176,5.39786,5.22019,5.2039,7.03195,2.90169,6.73774,5.7524,3.3207,4.3349,5.56492},
{2.52382,1.81403,9.04737,8.73269,7.3322,7.95032,5.34126,5.20265,2.98693,2.63123,8.70816,7.11885,5.48284,1.02928,3.08951,2.92774,9.90831,7.42186,4.31004,7.65485},
{9.36584,7.36598,1.24442,7.83855,2.14464,8.79079,8.74274,2.45962,3.46162,6.33218,9.1039,7.00664,9.58977,6.64989,2.36024,5.23851,8.32462,5.02973,9.40531,7.45891},
{2.37961,5.94004,4.51602,7.50117,9.977,6.77374,7.97655,2.90427,6.99649,4.62296,2.30932,8.22545,7.6628,7.32295,4.62672,8.26088,8.63808,2.2757,1.57277,5.92011},
{7.36377,4.11048,5.91637,7.16538,2.46988,6.45646,2.47385,1.68333,3.96473,8.43165,3.64045,5.91869,6.76359,1.90361,1.18052,1.0188,5.25859,5.71599,7.94344,1.4573},
{2.51032,3.35809,7.70593,1.4403,1.02976,9.60049,1.79359,9.99654,7.08462,8.14787,3.33876,8.10595,7.61179,4.65317,2.64258,8.78045,4.49482,8.48238,7.88017,4.90664},
{9.57017,7.45235,9.99974,8.60365,6.29993,2.54783,3.60033,2.20864,9.36296,7.96047,5.51401,5.22307,6.77406,9.34671,1.84583,2.26123,9.18968,4.72711,5.59921,9.14214},
{2.21877,3.07364,7.30858,4.65573,3.69129,6.70015,7.01449,8.59628,4.92565,7.45985,1.70832,6.68401,5.48749,6.58771,1.00071,7.74384,4.32189,9.78577,4.66084,3.11635},
{3.87915,6.66279,8.45372,4.16777,8.41949,5.90857,3.16991,9.85157,7.21479,1.24232,8.44518,3.69874,2.2012,6.90388,4.99678,5.16341,9.00262,8.40788,8.77821,6.31853},
{8.89708,4.78835,4.22465,6.6292,7.63211,7.41255,2.9624,8.73417,1.53212,2.07134,2.58847,7.75512,2.29874,5.14929,9.38896,3.46859,6.82377,3.38282,5.39438,2.59726},
{2.60959,5.24001,2.32831,7.59151,1.81207,1.56304,2.28013,7.65377,5.59679,5.14683,4.74417,2.56322,3.62535,1.59321,1.57688,6.19022,1.30156,2.6804,6.19294,2.31599},
{9.74043,4.18103,1.68693,2.81158,8.11678,1.36779,7.4736,5.75558,1.29724,9.60039,7.08009,6.65432,6.46301,3.54636,3.48874,2.12714,8.42562,3.09845,6.06124,7.63176},
{8.08514,5.56817,6.48892,1.32514,5.01571,6.88313,5.99989,7.07766,7.81493,9.64789,1.85191,6.26488,3.49037,8.61004,3.43945,1.72565,8.66571,8.30394,8.17175,2.05266},
{1.65102,8.51366,4.72527,2.21748,2.28983,5.12867,5.67093,9.94663,5.8982,3.86955,7.6819,7.43865,2.16871,5.80034,6.02462,7.40054,6.97825,2.10664,8.61569,5.92337},
{5.29282,2.32628,9.15081,4.62303,2.78614,2.31806,6.10532,3.22363,5.02966,3.71042,2.89595,6.08519,6.41955,9.72481,1.94841,2.73678,2.56854,5.96537,7.02506,5.04941},
{5.87991,8.45567,5.50142,9.60369,5.25702,3.08592,7.26085,3.76264,3.36814,4.24717,7.9102,1.60116,4.48871,8.89029,6.68275,4.51151,6.76956,4.35088,7.9493,7.03582},
{3.6223,9.54694,2.98393,3.51871,5.39932,9.84344,9.7381,6.71168,2.8409,5.93433,4.57086,3.30571,2.89295,3.82092,4.43246,3.95158,3.64931,5.64057,9.46347,9.81907},
{2.71631,6.4951,1.93395,2.83379,4.19609,6.92704,1.47577,4.55672,5.56176,8.39078,1.92905,5.64416,8.12872,3.54345,3.75357,8.4811,4.27272,6.73082,2.9649,6.05993},
{4.68564,3.96129,5.70561,4.72969,7.98753,2.83201,3.70959,8.08419,7.92951,3.87321,4.60703,8.68342,7.8008,6.36104,9.04035,3.05978,6.70722,4.91446,1.37067,2.84298},
{4.43807,7.83727,6.37632,8.75429,1.50152,8.0932,8.40681,6.69164,9.59676,8.33758,5.685,3.50852,3.79599,6.20737,7.49438,5.50642,6.81043,7.84873,6.32235,9.59703},
{6.46259,5.13191,3.27438,2.08471,9.67608,1.56912,9.23767,7.78217,6.65629,7.1496,3.63741,7.57169,6.48606,2.05466,7.69518,1.93939,5.76176,5.95559,8.08041,6.77466},
{6.66305,7.11077,3.23716,4.99869,6.52025,3.46098,2.19016,3.00137,3.38006,6.87052,8.51839,8.66476,8.54951,2.20675,5.02854,6.17654,1.74589,6.78478,2.37283,4.82977},
{7.54234,6.47078,3.71258,1.95701,4.7641,8.9257,7.23103,8.15109,1.06856,7.33101,2.50624,3.8795,1.98711,9.56824,3.43861,4.07139,4.67308,7.18722,8.78073,3.73062},
{6.66446,3.88843,5.79302,2.19313,4.47233,8.1841,4.13286,5.10297,6.04991,2.26034,9.13922,3.16074,3.29914,2.54123,1.13477,5.12361,2.82426,8.16335,7.44325,4.09702},
{2.29087,3.30667,7.76555,5.47684,9.68429,8.13869,7.72745,5.14428,6.02084,5.24952,3.25087,2.98293,6.84062,8.10307,3.73337,4.75703,1.44238,2.16012,8.48467,6.86645},
{9.36451,8.8048,4.07944,1.87942,6.94564,6.5504,3.20204,9.19964,9.91127,2.43346,1.29531,7.97559,2.51786,1.36492,8.1993,9.21201,2.78953,8.43766,2.077,8.11955},
{9.8323,8.94291,2.61788,7.08435,9.20714,2.51636,9.00681,9.72319,1.34899,7.17062,2.76459,6.78387,8.08992,9.23914,5.09793,2.60546,8.58831,3.73965,8.96304,3.34823},
{5.30693,6.01074,9.57883,4.09754,6.28872,3.9743,9.129,5.30677,2.96679,9.59896,1.83174,6.97665,7.26057,7.42416,3.62332,8.08294,5.60844,4.30234,1.6648,9.27532},
{8.70317,3.39317,6.77324,5.09301,2.49741,8.24429,7.30823,9.90633,2.33081,9.75113,9.11406,6.63128,5.88439,2.25874,2.55818,9.99062,8.90746,9.43793,6.35651,4.53395},
{8.98982,3.48415,2.23092,8.43916,4.03002,7.76595,7.15145,4.33486,1.46612,3.76215,6.51833,6.98932,9.00889,6.44147,3.03028,8.77042,3.90988,8.97784,3.74495,4.865},
{6.5697,5.2912,4.72436,7.33786,7.33215,6.73955,6.44202,6.80894,8.36845,5.09492,5.69927,3.18026,7.53764,2.19096,5.33071,1.30636,9.96684,6.85508,5.0697,5.79701},
{2.41062,7.67938,6.87483,5.96427,3.0553,8.20857,3.05534,3.4569,4.55077,8.49724,4.45308,6.52277,7.33179,7.78848,7.58825,1.99029,5.48564,7.12485,5.18872,9.45015},
{6.71451,3.12965,6.93677,1.91629,3.17822,9.9189,7.69241,1.4948,3.93651,8.87605,7.94831,6.87592,4.99371,8.70426,9.61338,6.29749,5.67799,7.02723,2.62944,6.53946},
{1.08037,3.81014,5.68614,1.21983,9.55101,1.42416,5.01983,6.30783,5.49878,9.47488,4.35483,5.31951,1.79485,7.45149,2.35957,9.06048,4.2067,4.03197,3.50465,9.72178},
{7.58214,5.25779,5.08255,4.62778,1.70327,4.02135,3.99383,3.78011,8.94463,9.02556,7.2714,4.67394,7.91677,5.91899,2.48102,8.17515,2.58042,1.48508,4.25557,4.24986},
{7.71151,4.9538,9.87167,3.54181,5.47939,9.41425,3.15904,2.4308,5.64821,9.44743,8.27101,5.84575,8.79225,5.87746,3.94153,9.80845,6.95618,1.33194,7.72495,9.55001},
{2.1675,2.72875,3.51387,3.68226,1.25778,6.33303,7.33072,6.51644,3.74116,8.52263,6.43092,7.81385,6.85778,5.1304,2.02622,6.80906,2.07118,3.33071,4.14504,7.62603},
{6.86626,8.26925,9.48844,5.61283,7.72391,6.28872,1.94642,3.1556,7.69867,3.41071,8.70091,9.45742,1.38809,2.2958,3.37905,2.90005,3.31693,2.11627,7.30857,7.97031},
{5.46146,2.145,5.31811,4.4826,7.15083,6.52553,6.60515,6.83917,7.12145,4.05406,1.10758,7.9518,1.43763,7.17606,9.12552,5.10605,2.54701,3.47928,1.03524,7.83265},
{1.71665,3.00589,2.22851,4.98575,8.39601,4.52598,8.49534,3.83989,3.17288,4.60113,9.86931,7.93811,6.68996,6.31453,4.38532,9.44778,5.92187,4.22751,8.87225,1.46056},
{4.68073,7.81811,6.78828,8.76572,9.55101,2.12562,5.6652,6.23652,1.09563,1.17972,7.48776,1.08011,1.56024,5.1693,6.49637,7.34723,2.9918,5.19947,9.20453,2.64106},
{4.13416,1.14154,3.8217,1.84954,8.11931,7.95002,7.66311,1.09529,6.38836,8.25966,3.23689,5.08101,6.95097,4.53954,1.21238,7.88513,6.67276,4.22375,3.41523,5.45152},
{4.81471,4.59283,7.59778,8.30635,4.59161,5.05759,7.95963,5.3901,2.3362,4.05627,5.14086,9.58308,2.14424,5.82976,4.56731,5.58611,9.53616,7.88477,6.3295,3.70267},
{3.06035,4.76628,1.03676,3.75508,7.07178,6.64796,2.90543,4.04323,5.62737,3.06383,7.63654,6.1908,3.76439,4.96488,2.63819,8.08625,8.3498,8.44192,1.71332,2.99965},
{7.2833,4.51633,6.71494,4.834,4.79083,6.33352,1.40535,2.85702,6.67378,5.28837,4.07466,9.9087,4.58695,9.44761,8.48572,9.42455,3.95681,7.75846,5.45186,3.44843},
{1.17722,3.21916,9.66225,6.62124,5.07052,7.90552,7.59743,4.68712,4.122,2.35981,7.32849,5.72339,7.71581,2.85863,5.45525,6.56014,7.52331,5.03484,6.24008,4.72061},
{5.4612,3.57423,5.40478,7.42566,2.21983,6.5087,3.41654,1.98389,1.34581,1.26213,6.19835,4.12457,5.72922,7.15821,7.21,7.0765,9.92173,7.33174,3.89909,1.60228},
{1.75722,7.1238,5.46705,5.60887,9.06786,9.17632,5.10722,7.01105,9.01857,6.968,7.12011,8.20226,2.70355,9.66313,2.50039,8.12089,3.28502,7.2513,4.07472,9.15453},
{5.30745,5.08965,8.68045,2.17268,3.36498,8.86973,3.41104,1.52012,9.69321,6.5635,9.09239,8.34999,9.3881,2.38332,8.26238,7.10906,8.97859,8.18954,9.9316,3.49973},
{8.25073,7.34424,4.41515,4.14772,2.68365,7.83252,2.33864,9.32882,8.58964,7.0026,2.93438,8.24107,7.56596,3.22665,4.1431,9.73612,6.38521,6.09312,3.74901,7.39392},
{3.53833,7.6823,7.95876,2.54679,2.77704,6.20382,2.01269,3.59209,7.87683,8.818,3.54372,7.97239,2.53161,3.81683,5.2483,3.83826,8.72794,4.6038,7.79709,7.69247},
{2.30623,5.55401,5.22375,8.39361,4.76599,7.47902,3.76362,4.91202,8.82563,4.61596,5.16931,8.37896,5.09455,7.26128,1.49081,9.28865,4.2622,4.21137,8.91118,7.52243},
{5.64931,8.83967,7.93327,8.56401,4.03775,2.06843,4.61731,9.49331,9.78025,4.24778,8.09084,9.78596,1.89006,2.80937,3.02202,2.65706,3.62509,5.64166,7.03091,9.98251},
{7.55868,1.89253,2.838,1.84681,7.27624,7.63733,5.1413,8.67078,6.78479,1.43833,5.93417,9.97191,3.05707,6.29709,3.59707,6.93957,4.85062,2.24493,4.65906,7.44899},
{2.01772,6.53416,2.2506,6.05387,5.55992,8.4821,1.60356,8.95844,4.83364,6.17359,6.12742,5.14116,7.08688,4.98214,4.8012,5.25545,5.76763,5.82995,6.22336,2.39822},
{2.80184,4.04437,8.04879,4.6626,5.58511,6.50871,4.80114,6.37273,5.15419,6.01435,3.52392,8.28579,6.04003,7.29583,9.65727,2.76633,9.58385,9.1076,4.10239,5.68596},
{5.73077,2.43053,5.99056,9.17643,6.93808,1.29895,8.90775,4.76698,2.12676,9.04597,2.37738,9.25899,6.80004,2.70774,6.83424,7.16377,8.7811,4.77018,5.99571,1.38528},
{4.52296,4.12354,9.27975,9.99353,1.63523,9.86818,5.38228,5.37642,3.23016,9.13594,7.11464,9.32814,3.98688,5.13723,9.98814,2.48071,2.58434,4.44601,2.16991,6.55265},
{2.38338,2.84844,6.12161,6.07233,2.80096,6.64844,1.65952,9.37938,2.0042,4.77119,7.86434,2.31548,6.72893,1.30873,6.90728,4.77389,5.08901,6.88205,9.19094,1.58353},
{3.67953,1.73618,8.85635,1.01649,5.23197,2.83389,8.98084,7.38557,9.86471,6.27128,4.44649,8.63917,9.51531,1.08526,8.77285,2.06745,7.97038,1.35653,4.97721,6.27691},
{6.52796,6.44327,7.19667,2.97162,9.37244,4.11978,8.1863,6.86252,6.98204,8.52161,3.40687,8.38135,2.06356,9.9828,2.98489,3.97919,3.97614,3.11091,8.0237,1.75123},
{2.43345,3.26171,6.95084,9.70937,4.7992,2.64553,8.8699,4.78433,5.82145,3.85056,1.64129,4.59075,4.404,5.55978,8.89543,9.95931,2.70663,9.03708,9.11588,9.64347},
{7.79452,8.42207,8.63881,4.70207,2.65368,4.25029,4.71665,6.50752,1.14669,1.54274,8.18311,9.27122,1.33971,3.46528,8.43551,9.74252,3.72635,6.13864,2.26611,5.07453},
{1.04919,5.32063,2.39505,3.38187,4.8341,7.38459,2.72565,9.64077,1.47955,9.52711,5.3541,1.328,4.42385,9.81011,1.2856,7.05203,2.90128,5.84849,3.34477,2.24113},
{5.26577,3.51047,1.40987,4.39166,7.46638,5.12541,1.41315,1.87336,4.2009,3.91256,4.33927,1.65321,9.93251,6.97618,4.41445,9.56092,3.71625,2.13313,4.20521,9.00668},
{1.11498,9.24677,4.20056,3.50161,6.67254,5.40863,8.39259,4.64787,8.62629,6.33906,6.999,9.24199,2.01475,2.45641,4.51207,8.67891,2.34042,5.68598,5.87188,1.19463},
{2.63323,6.63954,7.45418,4.05957,8.58976,9.9771,8.89743,9.05376,9.81432,3.62461,4.80988,1.92686,6.57388,4.66736,9.42729,3.26368,2.11687,1.34641,2.47347,3.24166},
{5.6227,3.07443,4.14893,7.31304,7.4214,6.91759,1.19956,7.19893,1.90508,4.19987,7.43463,1.77153,1.37979,7.86629,3.76473,5.05047,9.76551,9.98903,5.2312,1.44591},
{7.32691,3.11524,6.75051,1.78627,1.80018,5.21657,9.53102,5.88164,1.49218,1.77286,5.77215,3.16468,3.98385,6.87774,3.40265,6.08868,1.95432,3.35444,3.99463,3.41203},
{4.37397,6.51479,7.27735,1.61758,3.54563,3.95573,2.98409,5.41032,2.87119,2.68163,1.80746,4.54696,2.1256,4.15906,2.0352,3.93145,6.87291,6.85624,1.13882,4.64511},
{1.08155,1.54232,8.55463,6.6882,7.8242,6.4463,2.94889,9.02161,9.43627,2.18716,8.86782,4.39903,5.17275,9.79061,5.34861,6.74892,4.85018,9.63762,4.94233,2.22144},
{9.83279,9.29991,4.45592,1.18874,5.2593,2.92436,7.27959,5.67094,7.79347,5.18024,6.4826,5.14278,2.76727,5.73763,6.93091,9.59019,2.67723,4.54452,3.21374,7.82079},
{3.55602,6.76789,8.41112,5.51074,7.53974,8.09214,3.64706,4.93064,4.09469,9.73628,8.51895,4.66351,4.06553,4.08782,1.969,2.27026,7.71296,3.76002,7.02773,9.33587},
{4.86778,9.705,7.53074,2.38685,4.45054,4.28987,9.12825,4.57531,3.09925,7.56581,3.69249,6.71466,1.6907,2.30795,4.65319,2.78777,3.04577,4.32362,6.71234,6.49244},
{3.92231,5.71073,1.24481,8.22338,3.48648,5.27907,7.97503,7.54116,1.07201,8.19834,3.27708,6.78629,2.87352,7.15126,6.62038,1.05957,7.597,8.07215,8.21559,3.60984},
{6.07644,1.85957,5.72413,6.35532,8.93409,7.32422,8.99253,6.36783,8.37026,1.28007,7.26,1.7247,8.69277,8.90493,1.59311,8.50262,1.22022,4.89586,5.01313,5.14157},
{5.49951,6.6396,6.31067,1.26691,7.91783,8.96356,1.93299,2.7039,2.93387,8.39276,5.28684,5.58707,3.7195,1.41424,6.03109,6.32654,2.86089,9.42297,7.05467,9.44145},
{6.28752,1.72585,5.93729,5.18218,3.97182,6.18826,5.59552,7.16625,3.89232,5.88718,9.96009,8.23666,6.89332,3.15307,3.37172,1.65992,1.45054,8.26982,9.73648,5.41998},
{1.48442,9.00273,3.86742,4.2448,5.58699,4.81418,2.0422,1.40302,8.62409,2.94546,5.33696,4.56709,8.82786,7.42893,3.19419,8.50863,6.1164,8.30424,5.72211,9.95328},
{6.60951,9.92204,6.68394,9.97871,2.85746,8.36191,5.82779,5.10779,5.34658,3.18603,8.91837,7.80988,3.02201,8.95847,3.37862,6.61354,2.3731,3.26648,6.18345,2.20073},
{6.6593,4.28957,9.91274,1.75559,1.02777,9.15567,4.00386,1.54939,7.08058,1.44139,1.70857,4.61995,1.96567,6.684,2.15701,5.48915,9.99664,2.06964,2.27722,6.22972},
{8.13909,5.49901,1.65309,4.78317,9.51763,7.67161,9.2933,5.80198,5.26404,6.85547,8.47283,3.4213,7.12722,3.78544,2.19627,7.05706,1.58542,3.57517,6.30055,7.27782},
{2.24483,9.9025,3.89832,7.63827,8.82246,4.86422,9.30639,2.75298,1.27914,5.45439,1.33658,1.54259,8.04431,3.81767,7.96755,7.33852,3.77787,1.79284,5.97725,5.13156},
{6.43104,1.34287,8.70193,9.02998,6.88862,2.49313,2.54096,7.36403,2.3518,3.83714,1.48506,1.79203,9.45137,1.14759,5.33282,3.67834,9.46378,1.22104,3.59296,8.54833},
{6.52833,8.30918,6.22738,2.35304,7.93837,9.19755,2.4879,8.42293,7.40789,1.69508,5.79034,1.8248,8.96005,2.3571,5.13596,3.35052,3.99154,5.29182,6.99864,6.89632},
{5.95171,6.71651,8.06511,3.5699,2.58647,8.7552,5.13151,3.20372,8.7528,6.70718,8.1332,8.57746,8.05116,5.27888,7.21918,2.38767,5.21515,1.47525,6.68311,5.45422},
{5.2522,7.31621,3.84862,4.52913,6.13111,7.06781,7.12254,1.58049,9.85877,9.5209,2.1559,3.88221,5.54041,8.17797,2.65333,1.69183,2.60268,8.41337,6.64835,5.24186},
{8.99102,3.16354,4.57403,8.88581,9.23166,7.18827,7.90726,6.43787,1.55162,9.59025,6.6827,5.42531,4.26641,5.19868,6.7921,9.11976,8.86321,5.77265,9.22026,7.38549},
{3.33999,4.36457,3.87106,5.59938,5.2872,4.76313,8.5901,4.36523,2.92341,7.62847,8.2492,7.88904,3.85815,5.52813,9.83667,8.636,6.04765,5.29519,2.04725,3.66454},
{7.32717,1.63021,4.24541,2.10457,8.00582,3.25709,7.33878,6.6922,2.86735,6.38631,4.18027,4.55385,3.81493,8.52252,6.66322,8.72271,9.62538,3.30565,6.28879,6.76775},
{6.30035,1.47745,2.70018,6.05341,3.3773,3.49914,2.47718,2.22621,2.19303,1.98515,9.5169,6.1548,4.93194,6.83893,5.34763,9.47424,2.10843,1.66347,1.01631,8.01338},
{3.19862,1.00424,6.89091,4.42891,9.52823,3.93626,7.27765,8.27649,5.18065,4.65645,6.39142,8.18079,2.69867,7.56543,9.8833,6.49142,2.10268,8.22498,5.431,7.83425},
{7.31394,7.33446,6.84501,7.66885,1.25753,2.37166,2.96318,5.45267,3.87242,1.06501,8.827,5.74744,8.35461,8.36065,8.64335,5.68044,2.60385,9.31539,6.73518,8.8691},
{6.58172,1.09969,9.90648,4.50436,1.41596,6.70472,8.69281,8.5985,7.45153,3.18721,4.88888,9.34651,8.22561,7.46255,2.10568,2.81799,7.08544,8.10077,1.84808,5.83833},
{5.153,2.57738,6.25107,9.94829,5.4085,8.98352,8.76015,7.61875,3.45434,4.35415,7.34839,4.01755,9.82607,2.45497,3.62781,9.70617,7.7041,8.69923,9.78654,9.21928},
{6.48601,2.02362,8.58209,8.83805,5.95065,6.72606,9.61883,8.15241,8.75127,7.1227,6.54296,7.75758,6.74737,4.8929,3.59634,5.8349,5.68859,1.92721,5.28886,8.01069},
{1.80424,4.71285,4.62753,1.34469,9.35883,4.86849,4.81171,1.17862,8.98245,2.58443,2.64973,1.8205,6.02238,8.37771,8.94309,2.25571,3.86205,6.16123,7.63843,8.94316},
{2.91208,5.99447,1.5363,9.7201,5.80661,3.96126,7.09824,2.94279,5.25123,1.07835,9.33857,4.85291,4.39779,5.62821,4.21626,8.59035,6.31477,2.76518,6.58109,1.2733},
{8.07174,3.92793,2.58714,2.91614,8.36105,9.40983,2.60278,7.58488,4.01109,4.85381,4.05349,1.99521,4.11515,2.84348,6.51515,2.82424,4.31459,1.82759,6.23977,9.18509},
{8.89049,3.06129,5.29557,5.93484,4.62796,8.48683,9.77398,9.76116,2.35307,4.0924,4.64087,5.07981,2.06061,4.09789,9.43074,8.03287,5.35391,1.65092,7.09535,5.10215},
{9.03438,4.20629,8.87693,2.1666,3.98808,5.30582,3.15497,1.20479,9.83215,4.56653,1.96235,1.09939,2.77756,5.0254,8.58455,9.07368,2.27523,2.77303,9.79101,9.10401},
{5.18848,6.80881,3.12126,4.43163,9.3385,2.23172,9.95227,1.17761,5.38111,5.296,5.0371,1.64814,3.73735,6.5337,3.56389,5.36519,8.86587,8.53131,7.10957,7.28834},
{5.42404,6.85558,3.25831,1.55242,1.81868,6.17806,6.01159,5.04924,2.27183,6.74422,3.52026,5.30828,8.3942,9.31224,3.92484,4.20008,6.47212,9.35039,9.5665,5.76432},
{2.39336,4.5873,1.09443,4.53488,3.96229,8.51316,6.55318,8.59674,8.44516,4.60041,5.15612,2.87176,2.36487,6.7636,8.93807,5.51302,7.36655,6.63344,6.43616,7.38195},
{7.81388,1.22112,7.83145,1.31348,2.94878,7.7921,9.11645,1.77006,2.11264,3.25683,8.7403,1.4576,3.16398,1.24354,4.35589,4.03246,2.07416,8.28341,7.61698,9.9948},
{5.05481,4.2275,2.87583,5.28839,4.50272,9.31442,3.41319,9.78273,8.89685,2.55304,7.46634,4.27523,6.71225,7.74027,1.99752,8.71714,3.58353,1.99071,7.88107,4.21649},
{4.91267,6.88932,5.1847,9.56122,5.51099,2.27239,6.50391,7.20092,5.23312,5.66976,1.29246,3.57321,7.37095,6.29525,2.34227,1.94468,7.15973,6.1546,2.61761,9.92704},
{8.88753,9.83512,9.41082,5.61963,5.36055,7.481,4.01222,4.18913,8.97002,7.68397,4.54229,1.04461,6.0788,2.17491,7.09282,2.61195,1.73886,6.88277,4.90369,3.55442},
{6.36065,7.27923,5.84165,4.67271,8.51215,2.08798,2.16116,2.83809,7.9132,3.04851,1.61115,8.95932,1.73358,4.15194,6.72322,9.03329,2.09851,7.2032,3.79442,2.46761},
{6.51419,1.34749,7.27026,8.99858,5.88924,5.40913,8.56412,5.1256,6.08374,7.06652,9.62322,8.83881,9.45924,7.43652,4.76166,6.16488,1.16967,1.53919,1.03808,8.9326},
{1.77466,2.56917,5.3243,3.30676,3.87719,1.65708,4.21283,3.06922,6.5724,1.78914,6.18503,4.81674,2.80207,6.70714,2.58532,9.86701,6.10314,3.03218,2.63802,8.74144},
{4.0073,2.36095,8.04818,2.39664,8.83442,9.77848,1.37137,3.47614,6.14975,8.6238,2.15329,4.28129,5.68971,9.98408,5.74714,2.89914,8.865,8.13674,5.98708,5.53376},
{5.65499,5.22647,6.91753,5.04018,8.14283,3.01897,3.61567,1.59664,4.86648,4.37887,9.38192,4.55728,4.63822,2.94129,6.09466,1.27127,1.72097,9.13469,6.60956,3.28682},
{1.42358,8.72333,4.39267,6.14531,5.92563,8.90899,3.36446,8.88544,2.82273,4.91061,9.52975,5.29615,9.97018,4.45325,8.65772,3.23221,5.92604,8.64103,5.11332,1.06402},
{2.53473,3.5176,9.52757,5.83431,6.97716,6.98771,2.74703,1.91161,7.48408,8.92746,5.22934,9.42519,6.96485,7.50267,1.96678,9.48453,4.02866,4.59133,3.30523,1.21227},
{6.13195,5.23865,4.03074,4.78969,3.04125,6.35299,5.54773,8.15486,8.02596,3.51488,9.15582,7.05571,3.46381,6.46377,5.61915,9.59736,5.09198,4.46026,7.38519,7.59621},
{4.2622,8.22931,1.43249,5.07346,8.87682,6.79746,3.96403,3.79385,4.51062,8.37022,2.25557,8.01984,8.63478,8.97209,2.80299,1.017,3.91998,6.84429,1.93432,9.77381},
{8.6891,6.29518,3.90663,3.42438,5.22612,9.17989,5.05473,4.2704,4.81127,2.96386,3.04728,5.60657,1.38161,2.15762,1.83272,6.83448,2.21533,2.92295,6.38743,9.84043},
{3.63286,1.83324,2.83993,4.1686,7.83799,5.3796,2.86977,2.09692,1.4699,9.07923,8.22802,5.63926,7.13572,3.37553,9.5468,2.75261,6.28529,8.39555,9.34998,6.39345},
{5.11067,5.1314,3.41679,4.78616,1.95519,4.36657,2.92355,3.44727,2.22169,1.85109,7.97936,7.1538,2.81304,4.41072,4.54815,2.02198,9.98258,7.72102,4.89254,1.89824},
{2.71481,7.36978,7.96996,7.13253,5.58722,2.165,2.35932,8.15254,8.98907,5.46329,4.41848,2.33433,8.64704,3.60817,7.8872,5.80324,2.91425,9.26325,8.37979,5.97431},
{8.66998,4.44248,6.22864,3.36367,6.06205,8.40609,6.98944,6.29742,5.58612,3.97532,2.3546,8.98153,5.88871,4.63447,5.94191,4.20673,4.15413,8.4941,6.03362,3.30398},
{4.24446,5.14041,1.49155,8.80686,2.32191,2.29161,4.09356,8.25606,3.87656,2.32511,4.06291,2.46088,2.33138,8.81733,4.6302,6.66517,1.07435,3.13733,4.99107,3.28667},
{9.16091,2.68346,8.54158,4.03061,2.50088,8.77936,1.30263,1.83234,9.98421,7.24429,3.28892,7.92026,7.68853,4.78148,4.16618,4.99208,5.67549,3.75132,4.31728,3.26776},
{5.83812,4.6163,5.9676,8.25831,3.89292,2.71162,1.14331,9.52802,4.99126,2.04053,8.86622,2.30377,9.82825,2.42006,7.8585,1.78009,6.43211,4.96194,5.28667,2.38601},
{3.15842,2.22608,6.12542,2.52097,9.84335,1.16387,7.24492,8.55119,7.17291,2.12501,2.53634,2.21709,8.44508,8.04779,1.86653,1.89564,4.48504,8.9081,4.98209,3.26363},
{3.76834,1.25407,2.15785,6.52764,1.03687,9.61556,2.51468,2.57883,5.85787,8.34379,6.8082,1.13001,9.94565,9.50341,8.93145,6.84114,7.63141,5.46059,2.90558,9.8385},
{5.86915,3.45484,3.49657,8.17009,8.01721,9.18099,3.77846,4.06006,5.70793,4.45562,4.58909,9.05788,5.38309,3.0396,5.3804,7.09233,2.07201,9.55697,9.19293,4.84587},
{4.6591,7.99481,5.49373,4.40393,6.96354,5.33603,2.21158,8.68527,1.61424,4.91597,1.99993,3.17592,5.71932,1.80442,3.20513,4.75708,9.33309,3.67981,6.80964,6.10749},
{7.51435,7.38285,1.27201,3.3989,4.7318,6.05455,5.65683,8.77982,9.71071,8.02833,8.7339,6.31071,3.73425,7.76362,9.7703,7.70518,6.00576,2.67358,8.75547,8.94356},
{7.80553,1.15345,7.45314,7.61211,5.61949,5.78914,9.53211,1.84477,9.17645,1.2391,8.64212,7.22763,9.40693,5.43815,5.31378,9.92779,4.32486,7.07531,6.96528,2.82898},
{9.27807,4.82867,8.30836,6.50882,7.6099,9.32978,1.78833,8.13107,5.46988,9.73645,7.00439,8.39682,5.70895,8.16306,8.06435,4.83907,2.98821,6.73794,4.13131,3.38652},
{2.36653,8.25216,2.78944,4.89233,5.28344,4.24889,9.13785,2.44051,7.12602,4.34409,2.69051,4.93376,6.00604,1.58244,8.85623,9.52386,8.09513,6.26977,4.25811,3.08321},
{5.37605,4.65583,9.77695,4.95295,7.84036,8.85772,1.30197,3.22411,5.65981,6.6516,3.30323,4.8056,2.31416,4.09541,7.30268,3.01784,6.40904,2.7428,7.56717,8.81362},
{3.95647,1.33517,3.32688,8.26235,3.58758,1.77921,2.59712,6.46372,5.70905,2.89991,3.35061,7.20563,7.00112,8.81068,9.66954,9.38425,3.89348,2.38897,7.43259,1.51821},
{8.0867,4.53638,3.38092,4.91254,5.05439,6.63092,1.30703,5.90889,3.64258,6.24793,5.72562,9.43171,3.20054,7.06221,3.85629,7.8845,8.97367,7.73698,6.11429,5.485},
{7.1797,3.70988,6.36116,3.35684,2.20288,3.7312,7.65798,8.87973,6.32577,7.38222,5.249,9.70592,7.06594,7.21233,4.42073,6.51149,3.24183,1.7172,9.05949,2.85963},
{1.26069,4.38195,7.09443,3.88973,3.86542,7.63647,4.55741,7.80466,6.17764,8.73291,2.16694,7.31789,8.2994,8.4584,1.85448,7.35188,4.57341,1.42616,8.97874,9.69498},
{5.17847,9.9116,7.34804,5.04874,6.16542,8.13085,2.9914,5.79827,4.38869,7.88364,4.43405,2.06769,5.20537,3.25027,4.16709,7.43577,1.86241,2.12515,1.22469,3.96971},
{6.21696,7.00736,6.76414,2.51577,1.21505,8.57122,6.50014,8.64139,8.482,6.19423,9.76179,4.72403,1.70198,4.06539,4.16945,2.90563,3.21131,8.27846,3.23502,2.63612},
{4.10306,4.1625,1.25434,2.70904,1.34978,2.90228,1.99496,5.92366,8.31011,7.36232,3.37368,7.7079,6.08915,1.82271,1.06002,7.47894,4.19671,3.99084,1.29706,6.18053},
{4.77272,6.44343,2.38316,7.35799,5.9221,8.0203,8.35122,8.67064,2.28235,8.28507,2.08581,8.10999,3.07351,6.52574,8.65475,1.66655,8.46852,5.50622,6.38046,4.98899},
{1.17928,5.88808,1.75174,2.70629,9.57951,6.96944,7.56169,1.90515,8.37121,4.46151,3.38719,4.00473,5.37029,9.23975,5.85979,6.37163,3.82271,2.05684,9.65966,8.79157},
{7.05852,2.96587,8.81647,6.4108,4.3073,2.80011,3.73039,6.12221,9.18594,5.5226,9.2688,5.86575,2.48032,4.45557,7.27907,3.9541,7.09684,5.21253,7.4866,7.0137},
{8.19296,5.43759,9.14617,2.09253,6.50437,3.03456,1.80318,5.62306,9.9233,8.42024,1.7214,1.56293,7.94452,7.07429,2.42225,4.19605,7.75255,2.19663,1.92784,7.55576},
{3.46947,8.14326,8.88195,1.12528,1.59742,8.499,8.0463,9.62415,1.43823,9.471,4.34832,1.55821,7.367,8.42753,1.96487,7.75575,9.79056,4.372,7.17876,7.66528},
{5.55279,5.7592,3.38795,2.08497,9.30778,6.12326,1.40048,5.7546,6.00189,2.73892,2.59965,4.8944,4.64935,4.32269,7.80402,6.86995,6.3006,1.64369,8.39146,6.96922},
{5.66707,6.51898,2.58155,3.40821,3.16755,9.92249,1.07441,6.43588,4.99872,4.44147,1.49528,7.23145,3.44065,7.51147,2.21744,7.64456,5.86224,9.56794,5.87727,2.06802},
{4.9922,2.52398,6.66528,4.34123,8.93691,6.87071,2.90906,7.07499,4.63473,1.75867,3.60202,2.37417,2.61958,8.48413,7.73227,8.08732,3.02675,6.72904,7.48865,7.71466},
{8.74954,1.13182,1.78661,4.95595,3.79793,2.38451,7.78034,1.14291,9.18373,2.46598,9.94086,7.30705,9.39559,7.39208,6.93521,6.07125,4.64958,5.18293,8.97903,2.29973},
{3.5955,7.14431,4.39716,8.42753,4.8646,2.03234,7.75507,3.32497,7.05201,8.01409,4.75624,2.28364,3.00025,7.26297,4.67894,2.21486,1.4476,6.54333,5.0018,9.35329},
{3.70999,4.98712,9.45767,6.05287,5.88151,4.37528,4.01496,8.27487,7.90246,3.58653,5.11271,1.66164,1.61188,6.1961,8.07846,5.89295,4.03959,2.09795,2.73409,1.92455},
{9.06266,7.72897,4.30122,3.88075,7.78253,3.61018,2.84888,8.40688,4.98792,4.80885,3.3052,6.22387,8.58784,3.40398,1.01767,4.09956,2.99212,1.03757,9.18659,9.4832},
{9.2099,9.64976,4.23028,7.30605,1.58263,3.47709,7.76211,7.18647,2.49219,2.82454,7.45186,5.82385,5.7976,2.36023,1.81623,7.22952,9.6869,2.10916,1.26482,3.79535},
{2.26598,8.17297,1.86757,1.39193,8.83036,5.21746,6.19289,5.26324,6.20962,1.28532,9.1278,4.93445,8.87378,3.64718,2.93646,8.09771,1.8485,9.28342,3.29535,3.95862},
{3.93716,2.87617,9.80475,7.07383,9.52985,9.55054,4.0127,6.14256,3.99697,4.57507,6.1544,5.88753,4.22837,7.43677,4.8075,5.08563,7.38108,7.21509,8.41094,3.45422},
{8.60666,8.78333,2.8063,5.49547,6.751,4.09479,4.91632,1.44808,5.24214,8.81248,4.19065,2.40974,6.64039,1.03178,5.8789,8.04728,4.34133,7.17215,8.95837,1.23864},
{7.08316,8.12863,2.05297,1.21034,2.69099,6.70552,6.98059,2.66893,9.21576,5.64471,2.94069,2.02563,5.26323,4.05038,8.5987,3.79826,8.85573,1.69942,5.24472,5.985},
{4.00154,1.63653,5.83237,2.89907,6.17802,7.28684,3.50859,6.54514,1.79073,9.01279,2.04452,2.74729,9.51369,7.82653,6.53877,1.83204,2.23298,1.73698,8.33266,5.54064},
{1.35326,2.6317,5.72591,2.56254,1.49838,7.74275,8.25328,7.3619,1.61501,7.30898,9.97401,9.12993,2.91166,6.47504,5.20262,6.99736,5.78257,9.8662,3.97587,7.51032},
{1.87779,4.47029,9.83571,5.60127,9.35664,8.37581,3.86528,4.64493,8.37634,6.10605,4.65941,1.31818,2.46218,3.56692,1.5498,7.23046,7.29805,6.03803,9.17059,1.37101},
{8.95967,6.61978,1.45947,4.80088,3.97299,2.26593,3.92324,8.00106,7.20932,3.9907,9.81878,7.86475,9.22507,7.1029,1.4265,1.67271,8.42133,3.70723,1.98889,4.61957},
{9.17953,5.51452,1.89728,7.54922,9.06591,6.10177,9.76114,7.50394,5.21726,5.71465,6.62548,9.96507,8.13433,6.80934,8.65642,4.44881,6.93521,9.03725,5.68646,1.34389},
{3.96187,1.21591,9.19323,4.72928,4.21118,5.35935,4.39827,1.93099,5.19068,5.39407,5.14139,1.95822,4.76076,1.41728,9.29449,1.75796,4.15378,1.22844,1.59523,7.43171},
{5.48982,5.88458,8.52889,3.92856,5.80288,8.12393,6.42885,8.07205,5.48612,8.10302,2.33235,6.30253,8.76437,3.13209,7.62002,3.5855,6.46989,1.85369,7.34986,5.97763},
{9.50035,5.65082,2.31668,9.3589,4.32688,8.72494,6.57391,6.18241,6.90002,2.08047,2.17702,7.06764,7.55204,8.38119,1.97087,6.1051,4.69391,2.80394,6.35971,5.19268},
{4.94824,2.59346,5.87019,8.45138,3.4244,9.62701,1.98441,5.50358,1.89069,6.94066,2.62357,4.10131,4.0706,3.46824,9.49261,7.02753,2.57654,7.09128,7.45886,9.71261},
{6.35672,3.61596,3.71065,2.49968,2.70167,9.24275,1.07245,5.69168,3.1722,2.75163,3.76923,7.99118,7.19819,4.30815,6.77686,3.71375,9.85069,6.49669,9.30832,8.93308},
{9.34824,5.6064,3.45,8.95361,9.51215,6.94519,2.11511,5.98006,3.91132,5.08928,9.09381,8.37664,9.91497,5.63988,4.19627,3.3092,2.35741,2.01626,2.47569,6.89022},
{1.09268,4.33365,9.78193,2.67634,2.6438,8.02974,5.80633,6.36946,9.21104,5.52864,8.78088,7.19427,4.93996,2.69192,6.56204,6.74876,8.60218,3.46193,4.1681,7.3953},
{9.75412,6.32411,6.68782,7.03484,2.28977,8.88411,5.6405,6.24652,6.15718,9.73066,7.79887,2.98843,8.69237,3.80908,4.37681,5.77683,5.05927,2.02521,3.00536,4.38294},
{1.47359,3.19883,9.24518,4.86356,6.82749,3.36045,2.15328,6.10338,3.09151,7.61191,3.08127,5.73804,5.69192,4.29109,6.57384,2.1212,2.31223,8.01898,6.9367,4.86971},
{2.61774,9.91863,9.63797,3.73847,9.17056,7.55631,7.1248,2.9974,1.918,4.15441,5.14433,4.0826,8.15705,9.44358,4.93542,4.99653,9.0112,6.5318,9.50076,6.89056},
{1.27858,7.35862,5.59893,7.02267,9.37627,3.93825,1.43785,2.88167,9.2624,4.70321,2.4683,6.28365,8.03414,1.46066,5.33035,2.46607,3.82622,1.50941,8.9223,2.64086},
{4.53157,5.33185,8.74093,7.47014,7.59539,8.09537,2.39588,3.08805,9.2178,2.18963,7.11578,9.02237,5.42467,4.09301,7.79977,4.26384,2.40791,4.05758,1.58234,8.58048},
{7.0954,4.32054,3.74875,9.68963,3.65656,6.21159,4.10888,6.91844,8.19452,7.98806,7.1873,7.78861,6.02338,6.03819,6.44565,6.83762,4.5471,9.93512,6.81807,1.89926},
{7.58228,1.75874,8.61412,4.4589,1.60601,1.86568,1.59531,4.59483,5.45853,5.32988,5.25688,7.1454,9.00922,2.18478,3.07847,9.9597,9.71539,4.72263,1.49035,1.8301},
{6.09594,3.33695,7.63038,1.60311,3.97109,9.88941,6.36932,6.71695,8.50717,2.18462,5.86536,3.72214,8.14641,6.30422,7.36874,2.4003,9.85825,1.55583,1.68513,7.23404},
{2.48225,7.13518,2.35789,5.9164,3.73089,6.05286,1.96439,8.18222,4.39861,8.65927,6.46347,4.85936,8.73002,8.0477,7.61178,3.55435,3.31264,5.60726,4.76841,9.00748},
{9.11665,4.47555,8.34795,1.17328,9.75908,3.77434,4.41508,5.39186,7.26101,3.41899,2.87852,3.97605,2.7802,3.83663,8.07515,2.83484,6.97247,9.61774,6.10155,3.69079},
{5.986,8.4408,2.40133,9.9179,1.64524,3.94106,4.39691,5.17083,7.5352,6.43301,2.69935,1.23326,5.45845,6.7386,6.02807,3.27814,4.24695,7.30414,1.85461,7.9042},
{7.88592,1.20974,1.88441,6.62482,7.19862,4.38307,4.56148,7.6652,9.35507,3.32624,5.56378,7.04418,8.36297,8.8518,7.2466,8.95131,3.36661,2.21092,3.54797,2.69591},
{3.79584,6.21614,5.18903,6.4236,9.26943,7.93156,2.7001,8.50215,4.8839,2.84955,7.51861,4.63914,9.30436,9.24149,4.27751,3.93672,5.36606,9.73023,6.06456,5.90903},
{5.97015,5.04782,9.58083,8.00966,9.81249,9.81792,1.40373,5.56949,8.94515,4.02381,6.76989,6.59739,4.6254,2.64207,2.7201,5.84147,4.82196,3.89792,6.59719,1.06975},
{8.55949,5.02943,7.74259,6.29282,4.13774,6.95883,8.23802,8.0741,9.9752,7.57195,3.16053,5.73436,1.6698,3.3945,4.62589,9.57598,9.66528,6.17601,2.71267,9.12886},
{3.72764,4.83334,1.98706,9.62196,9.42695,2.15058,6.01491,6.71527,2.60514,8.03202,1.64327,6.90373,4.99942,9.88841,6.4696,4.06626,3.27448,2.81766,8.83753,3.01256},
{4.71573,3.47903,4.90575,2.65391,9.19973,4.03767,2.19305,2.34992,5.55991,3.35086,9.83299,6.66169,5.25258,8.5357,4.42443,6.22066,1.5275,9.25847,4.78237,9.37118},
{8.40177,4.35471,6.67901,9.24731,9.90537,3.91561,3.4604,1.35292,9.65187,8.70003,1.81846,1.22862,8.37902,2.54243,8.67833,6.08845,9.90038,7.18589,4.5768,8.35985}};

static const Matrix restrictions_aux = Matrix(restr_rep);

static const Matrix restrictions = restrictions_aux.transpose();

static const std::vector<float> costs = {924.8,697.92,296.212,325.977,195.526,335.495,813.253,101.126,839.242,978.625,889.416,811.345,511.125,432.409,628.947,843.997,442.6,95.2341,414.186,735.041,503.555,722.718,229.913,871.967,549.312,250.239,768.205,378.491,745.663,538.536,292.264,17.4298,129.993,334.075,710.47,470.15,106.285,191.203,533.815,354.481,865.471,231.146,127.422,278.424,92.2019,562.948,18.3391,203.915,258.204,519.437,411.655,462.771,587.056,413.667,298,373.937,242.166,880.293,82.8691,990.775,492.703,590.785,88.358,82.8718,799.054,20.3392,813.935,357.669,59.8106,875.871,286.665,578.575,753.93,758.433,806.14,916.981,465.681,583.693,91.1074,548.561,135.272,587.57,426.949,420.869,713.993,952.761,193.41,315.819,713.001,472.305,525.415,278.878,734.147,448.351,304.906,755.641,498.03,297.71,127.654,247.407,93.91,701.569,288.147,970.655,234.629,525.806,714.391,195.723,179.155,883.424,992.531,232.535,542.154,743.909,2.3585,746.728,35.4859,996.371,994.126,637.01,421.8,930.675,895.924,692.946,657.505,885.991,355.681,971.62,847.529,446.254,668.239,116.553,16.3185,376.68,800.377,546.015,118.432,840.268,878.156,692.715,934.332,651.537,862.136,590.328,233.356,715.701,555.009,178.982,56.358,273.385,191.099,994.151,350.434,487.817,359.832,706.001,991.785,161.253,721.79,513.004,789.439,195.848,703.066,846.682,214.678,990.253,605.244,567.05,933.354,109.623,514.959,466.465,598.086,413.675,691.309,477.615,908.502,882.404,966.707,584.728,713.313,940.957,20.5584,792.713,476.71,491.007,663.165,607.415,641.645,745.745,636.3,719.43,47.3816,685.451,538.583,156.796,906.224,224.957,773.349,287.341};


static const std::vector<float> min_impressions = {85.7293,52.027,91.4868,114.91,28.6151,183.27,50.0844,102.539,123.629,160.92,154.409,113.397,162.439,169.386,78.5349,119.965,61.1767,91.5904,117.772,107.013};


#endif
