#ifndef PROBLEM_H
#define PROBLEM_H
#include <iostream>
#include <vector>

#include "matrix.hpp"

#define APO

static const int media = 200;
static const int segments = 20;

static const std::vector< std::vector<float> > restr_rep {{2.95541,7.44278,9.31203,3.73835,1.46106,7.3117,3.35424,6.21831,7.30917,9.22631,8.04093,8.34264,9.01093,9.13244,7.41188,8.8616,6.28757,1.2539,8.44218,6.08701},
{1.54656,4.24694,1.14153,3.74808,5.49212,3.62266,6.07667,2.69376,7.51008,2.30386,6.62918,6.3732,8.70455,7.14913,1.40058,2.02963,7.76155,5.4602,4.30793,9.81972},
{2.37516,2.66933,9.47652,7.3405,9.36272,3.89742,4.17699,1.90555,6.19979,5.83605,1.27502,1.23358,4.80634,9.17938,9.14502,3.88,4.38687,5.489,9.95654,6.05262},
{5.43657,7.55841,4.35129,5.63117,9.54228,7.6275,2.19491,1.0199,9.39429,5.62852,4.0159,4.19588,6.78943,3.18252,5.10608,7.4153,2.39717,8.54687,8.1182,9.33339},
{5.38194,8.60542,7.96446,5.95035,6.28593,1.26754,9.55152,8.10018,6.74578,7.95741,9.71542,2.09141,1.84564,2.82434,2.31576,5.08949,5.17305,8.14408,9.67303,2.23785},
{9.79918,9.55315,3.8482,9.86374,4.54271,3.56801,9.72935,6.90365,9.61041,6.57829,7.8605,6.23076,5.0597,4.63353,4.08604,4.05551,7.77026,7.38324,6.86273,3.76148},
{6.49192,4.32502,7.16303,6.36162,1.37692,3.92999,5.69247,4.4332,8.25097,5.4122,1.71178,6.14891,2.99943,5.26883,8.76437,8.06159,2.66552,5.82759,8.09694,3.92932},
{9.07426,3.41401,7.40585,8.14879,9.94281,7.99466,2.12254,4.41093,2.66279,1.50648,4.29155,7.02123,4.90376,1.21376,4.74186,7.08034,8.14906,4.5323,2.77873,7.83072},
{7.18778,2.9668,7.96937,3.62366,9.19469,8.72554,8.6768,6.08623,5.25841,9.07245,2.75433,7.65139,7.21871,9.31501,5.56064,7.76639,5.92153,3.49748,1.83505,2.22713},
{2.55789,8.96076,2.13053,5.47309,8.15581,9.26523,6.73949,3.94661,6.70558,7.50443,6.59057,2.51546,8.59682,6.53625,8.7501,6.88881,9.21236,6.89883,9.14655,3.41242},
{1.84858,1.16977,3.70932,8.68718,4.16188,2.28972,6.33463,2.5913,5.97957,9.84471,4.13285,3.69062,7.18428,2.35128,1.99092,1.51976,2.61055,2.17953,1.90308,7.34171},
{5.93815,6.01572,8.28337,3.25492,4.1146,7.03785,5.885,1.55771,7.30783,9.50567,4.6453,2.14115,8.95424,5.03919,5.10107,5.39223,7.26937,1.11406,1.98917,1.50721},
{8.6554,8.73454,7.61577,7.67891,9.28932,3.85032,9.2871,2.44831,3.85669,5.09267,7.94904,7.00675,5.10201,8.61472,4.69493,3.62607,9.92778,7.53705,4.8393,6.42919},
{5.17895,7.24727,5.15003,8.58691,7.42054,5.49285,8.46565,3.78869,9.75688,3.10278,6.78421,1.45796,9.38829,1.51482,3.64255,2.47375,3.43363,1.55428,6.16965,1.77207},
{3.45725,1.19418,5.22394,1.23958,9.00529,7.26068,2.21467,6.9772,8.13868,2.55248,1.97371,4.22898,6.8621,1.82834,3.04186,6.1033,9.68402,6.00279,6.65157,3.70533},
{8.2204,2.39956,6.95916,2.185,7.19646,3.97158,3.24595,1.90886,5.5428,3.23647,4.54631,6.61304,3.20321,1.71521,5.3242,6.15022,3.39288,7.57835,5.34497,9.46381},
{8.86579,9.76313,9.75934,1.23134,6.42371,2.86912,9.51626,3.84743,3.27039,8.59136,3.16546,3.21988,4.4071,3.42089,7.03252,4.74496,2.21613,4.53157,9.406,9.8797},
{8.08205,9.09126,1.1423,2.70032,1.40442,1.87059,9.95242,8.20958,7.15202,7.12941,4.13366,3.74033,5.2921,3.35058,9.14872,9.55168,1.97662,8.42951,6.4404,6.09477},
{3.053,2.59473,5.1817,3.49978,9.1854,5.47417,4.22197,2.80352,8.37712,6.32352,9.92189,2.81207,1.96262,1.7627,5.22516,4.5404,6.94659,1.48976,4.01071,5.86139},
{8.03543,3.89726,2.86173,2.27643,4.67686,3.53667,6.27044,5.15662,1.95337,7.71666,8.58658,6.60349,7.05493,6.57921,6.57278,8.76983,4.08236,3.63028,9.47868,3.9648},
{5.56037,9.42516,2.59637,3.58083,5.94839,1.88309,3.86766,3.7145,9.4709,1.96697,6.03896,5.38439,4.28859,4.46167,6.12411,4.38499,2.94509,7.81184,2.96964,8.99568},
{7.79157,9.55872,2.98262,5.34135,8.69244,7.3098,1.65749,8.11672,1.47847,6.70157,1.16619,7.18939,4.41791,5.41238,6.69099,6.98198,1.29738,4.20234,2.55991,2.90682},
{5.18751,5.69772,4.98043,1.83315,1.0341,4.35634,2.96684,3.65934,1.91436,1.75698,6.44297,5.79018,2.32701,2.25179,3.22745,6.89222,6.83122,5.47301,2.12431,8.20748},
{3.86121,5.80265,2.63717,2.32126,5.21105,1.62552,3.30586,9.17392,1.94904,4.56453,3.41859,1.64603,9.8379,6.3033,7.46084,1.15017,5.84071,5.35402,5.66808,9.20539},
{3.58708,5.10858,7.45495,7.71878,8.13535,6.95307,5.74122,8.906,1.46088,1.28435,6.9149,2.97299,1.16825,6.73461,4.91658,6.36115,3.02502,1.16288,4.60485,2.62003},
{4.33878,6.70449,4.02592,9.90717,7.20805,3.95956,1.20029,7.60862,8.21325,4.48622,9.32296,2.66112,2.14275,7.52475,6.44071,1.51092,7.60436,1.79815,5.57693,4.44146},
{5.89622,9.11834,6.20226,6.96377,2.3756,3.29593,4.44297,5.77322,6.43655,2.62742,8.12858,1.70627,7.51219,8.90747,9.47401,1.16698,3.31062,3.95691,7.84712,2.06607},
{7.16825,3.35988,9.15471,1.78147,9.97316,3.90802,7.07592,5.81893,1.90218,5.42023,5.16878,5.26354,7.13732,6.92386,5.58835,8.38793,3.21509,8.88841,5.50351,2.00154},
{8.3852,6.18738,4.9502,8.27904,7.574,3.93955,9.20991,3.32231,2.70206,2.672,4.68805,4.42096,3.4493,7.41917,5.10489,8.60658,4.49766,8.36806,5.13869,2.59468},
{5.95374,3.07943,3.85788,8.71723,4.44853,1.35886,3.43985,9.98909,5.23877,6.28974,5.38518,7.3439,6.77714,2.39866,4.52596,5.97216,5.57654,8.62633,3.80856,3.57463},
{1.5825,6.2055,7.2826,2.46575,8.39512,5.66182,5.33534,7.30803,8.87776,5.74064,5.93159,3.14157,4.61207,2.99148,4.10217,2.84756,5.3984,3.72998,1.51569,3.13824},
{1.63663,3.3752,2.32567,8.84634,9.83876,2.51389,9.85086,4.39988,4.69071,3.96139,2.76581,4.20683,5.74834,8.48617,3.70046,7.74842,8.99387,7.99042,5.13264,8.9307},
{2.33507,4.56978,2.70102,9.27173,1.7039,5.3348,3.29162,4.07147,2.8895,1.00707,5.8479,8.99018,1.75778,3.69343,7.69875,5.46743,5.99331,4.89933,6.13338,6.17035},
{7.44354,5.27096,4.4771,9.55858,9.95756,4.49779,5.9215,9.9427,2.89763,6.88674,4.59694,5.09388,8.57372,6.25541,8.84598,6.15966,5.21679,5.89254,3.02357,2.3153},
{4.56124,7.6593,2.15967,7.04634,5.66115,1.92184,4.74945,3.7998,2.73567,6.08747,2.04691,1.83011,5.19455,1.04791,3.01733,6.81744,8.73212,8.90931,2.5389,1.91325},
{4.85091,2.03585,1.83888,6.82512,8.88488,1.8469,5.5684,8.79114,7.87658,3.46694,8.7603,6.99955,5.616,6.12915,8.20053,6.86256,5.21327,7.68077,8.68644,4.60608},
{8.51455,3.85211,6.73009,8.48183,4.28012,6.47843,9.8088,3.15948,4.05167,3.0733,4.6191,9.2599,2.32873,3.05806,4.83428,8.26782,6.15314,6.82764,7.51165,9.60561},
{9.54521,7.56495,6.36275,5.54012,1.91868,1.78849,9.51686,1.74205,6.61168,5.84392,3.81457,8.42329,2.47314,6.52372,3.11686,6.87626,7.4042,1.94243,4.33664,2.34796},
{8.48031,9.0829,2.46513,1.22464,8.26092,4.13339,5.86368,6.3069,2.89623,7.87625,4.65186,8.81407,7.53638,2.51955,1.24446,2.77298,4.55556,8.97719,8.67965,8.35365},
{9.94668,4.91284,6.68294,9.11755,5.70895,8.82388,2.52342,5.99077,9.37446,3.65052,3.97507,2.13804,1.14213,9.23461,3.32889,9.13231,2.79816,2.21989,4.06802,8.70201},
{8.49702,3.02956,7.36641,9.31333,9.20404,1.31473,5.574,8.52565,5.67292,8.59944,7.22253,9.1218,8.27389,6.51944,4.45712,7.45573,1.36478,7.77762,7.04983,3.7974},
{5.30688,5.79609,4.99274,8.1976,7.22223,5.67806,6.10818,5.46975,3.86289,3.7168,7.06916,2.56658,8.34911,6.24366,8.34945,9.47474,3.77655,4.1907,2.97003,3.46279},
{2.20617,1.60841,6.80068,7.33727,3.75618,2.65757,6.75429,3.6022,1.92875,6.29768,5.93669,1.58449,5.28807,4.96858,1.4988,9.95357,2.03532,2.65499,6.03363,4.95081},
{5.85687,3.8832,5.55783,8.3577,2.81903,9.74579,4.19786,5.91534,5.66335,4.63648,5.73029,1.62865,1.054,6.29694,5.31908,3.13406,7.5315,8.38389,9.06055,8.32553},
{8.96969,7.08971,6.33169,1.44331,5.38994,1.01142,3.22396,4.93506,9.09801,1.13724,4.30052,8.87953,1.3759,1.83841,2.98556,6.94808,8.6422,1.81664,1.20721,8.31133},
{6.68434,3.97915,7.20122,6.31567,2.78252,3.16631,1.90511,1.96317,4.93582,5.08456,3.56819,5.17855,7.2118,2.22401,7.88114,6.1515,6.36303,9.73538,3.58988,1.11228},
{1.90968,7.4848,3.65052,7.19186,7.27163,3.4393,9.69918,2.11621,4.24126,1.73131,7.4929,1.02728,8.56651,1.88579,7.27603,9.6497,4.30733,5.9632,3.6155,1.49172},
{4.80336,8.8949,8.34652,3.35797,3.52783,9.16872,5.33765,3.40304,2.53944,1.44327,7.16593,7.24318,5.8671,9.87561,3.13493,1.63988,2.88108,9.8985,6.68991,6.9121},
{4.25529,8.68701,6.15281,9.34645,2.69029,3.78861,5.52475,4.48298,2.50093,5.4022,4.43777,1.92183,3.8553,9.80152,9.62066,6.25082,4.87319,6.88853,9.84836,5.25445},
{2.87731,1.74433,3.74946,8.58322,1.67745,5.94166,9.40012,3.72671,4.90837,5.27748,5.33318,7.70181,6.16761,3.51166,3.09906,9.86654,4.24427,9.15458,9.82309,6.86417},
{9.13481,4.43944,5.93893,2.79395,3.95757,4.92649,6.34179,7.79349,7.9297,5.60684,8.42934,5.32521,1.01428,9.22607,7.16026,2.12258,9.23689,3.87203,2.10907,4.52656},
{3.65226,6.26168,3.38569,4.49042,1.80423,2.50385,4.72618,8.25173,7.9347,9.44933,9.26846,1.66711,6.4446,9.68748,9.70713,8.05275,1.69471,6.40991,2.09637,8.92023},
{5.74283,7.36093,8.97094,6.43376,9.94814,3.18155,9.95216,2.69948,5.07398,8.89955,6.99216,9.17492,7.46627,5.15303,3.17936,4.52365,2.71572,3.37026,9.56218,3.94978},
{9.45195,8.00295,8.36378,3.83422,1.49302,7.26383,3.87489,6.59663,7.9761,6.81438,2.97182,7.6857,6.5862,9.96397,2.7783,3.92241,4.21559,1.34206,5.67081,9.6824},
{9.15563,5.00478,3.1361,5.90428,7.24654,4.75697,3.70355,6.58,8.17955,9.14958,7.46314,6.25457,7.551,9.55232,5.00103,9.14716,9.14529,2.62213,8.72878,9.43541},
{6.76042,2.16546,8.42667,6.21937,9.14225,2.16698,5.97354,8.96156,8.95685,7.51581,3.75721,1.11139,7.48241,4.58738,8.72378,9.66992,4.44419,9.30906,2.9126,8.36883},
{3.38583,3.49901,2.32067,9.74729,4.98184,2.2267,6.43373,1.69067,5.74536,5.55049,9.56704,9.72821,6.04956,5.88828,5.89802,7.27438,3.10656,1.99089,3.57633,6.62423},
{7.1761,7.9073,5.95043,4.28407,5.28045,7.37203,1.0176,8.42734,3.93603,6.32302,3.69523,5.04036,9.18437,9.13846,9.25566,1.42364,7.41118,5.3882,1.2257,7.21228},
{4.3803,4.11089,3.9752,8.19592,4.58986,9.80175,2.59454,5.10944,3.89385,8.79057,1.60888,6.0433,5.22337,4.39424,4.02044,4.6052,5.47945,9.66162,9.89541,9.67913},
{9.1783,7.31193,6.097,7.32952,7.8576,7.59428,1.65732,7.27075,7.2352,4.81441,9.71668,4.75205,1.95428,2.69255,9.08314,9.03322,2.47418,1.69317,1.41615,3.84944},
{7.55039,3.5008,1.31475,2.46866,4.86598,9.25483,4.37801,7.82341,6.90906,9.86759,6.48293,5.28534,7.54778,5.71165,7.31996,1.76038,8.87547,7.25377,2.57934,5.48759},
{5.38242,5.59742,3.3696,9.04508,5.16526,5.54652,9.31138,5.26968,9.6776,5.3478,3.92994,3.06608,6.93813,9.73412,6.78791,2.96071,6.55665,4.99404,4.53977,1.60094},
{7.65695,4.76169,8.34513,4.93324,8.09002,1.23317,2.96095,2.42905,5.36023,1.19074,4.5801,9.15655,8.69943,7.2962,6.08415,4.26402,9.25408,3.16158,5.51869,3.68701},
{2.36959,3.06557,7.81403,8.46594,3.85704,1.51735,9.1785,9.23507,4.19663,5.46628,6.89284,5.17985,5.65359,9.79844,6.45768,6.03593,1.28698,4.63662,2.83269,2.23675},
{9.48907,2.17537,3.53773,8.94886,4.89925,5.22029,7.89017,9.41295,5.26635,2.19058,8.3395,2.67392,7.33218,9.50259,2.32676,3.65723,3.81162,5.68482,8.39999,2.73223},
{5.85918,3.21779,1.41792,9.62121,8.02638,9.62733,6.09955,4.78549,7.73026,8.64944,8.18769,8.9572,3.66691,9.52485,9.20256,6.08742,5.53548,7.05105,4.4243,2.68677},
{5.58705,2.85764,3.44568,8.81161,3.07167,5.30037,7.21273,9.79698,8.28011,7.04297,4.41347,7.33165,9.21443,2.03497,1.32515,6.46349,7.73186,1.41309,4.73144,3.18714},
{1.98065,8.54171,9.19567,2.30906,9.83973,6.87445,4.71989,9.81727,4.04894,7.01907,9.07739,9.19486,7.43318,3.52387,1.98904,3.47567,7.07412,9.86542,6.32166,1.61769},
{7.86896,8.33853,2.49397,6.40518,4.03827,5.80394,3.43125,4.37898,5.71959,6.68297,8.43369,8.08937,5.66162,2.9178,6.26214,4.00873,4.28579,8.22738,4.2616,4.5032},
{1.15208,2.8594,7.10679,1.23598,1.45769,7.23987,9.54078,3.99774,4.09739,6.32391,5.77183,7.70033,8.86442,8.93562,9.58856,4.57485,9.41713,2.91103,7.48828,8.10138},
{2.1545,1.47757,2.66502,1.47336,9.32563,3.86592,3.4707,9.96219,1.28939,7.55157,8.16632,1.2963,8.10033,8.33862,4.2735,4.19191,9.67355,8.2123,4.78911,7.86533},
{2.60475,1.76579,8.30778,1.545,9.12325,3.99695,6.40307,6.79908,3.70949,8.57397,9.35906,7.65315,4.07581,2.42228,9.89708,4.98614,1.22531,3.39831,5.30127,3.94073},
{2.02827,5.55575,9.17336,4.59355,7.07988,9.91065,9.15686,4.95597,2.82459,5.04744,1.91689,5.5601,7.0396,9.96859,5.38238,4.17914,2.82712,2.30792,1.33244,9.54684},
{1.62206,3.34954,7.70119,8.20583,2.54007,1.237,6.7363,4.57796,9.11543,3.78695,1.32108,5.90073,1.41727,6.18142,6.18103,3.76843,3.1115,1.7597,7.62493,2.28239},
{8.36167,5.70559,8.71801,3.66467,6.42586,8.01564,9.39484,9.22609,4.77736,3.29214,2.25615,6.6619,4.19632,4.95782,2.40401,7.33957,8.27018,6.00766,4.77668,9.12128},
{8.1033,1.71106,1.00879,9.41871,5.95567,6.29724,3.56443,1.91321,2.36874,9.19014,5.65917,2.05744,7.13089,9.00176,1.78338,7.16068,5.01475,7.06101,3.85097,7.69347},
{5.50661,2.01089,1.27686,6.67573,7.65232,9.15247,6.38154,9.87796,5.5302,6.22835,6.13603,9.16791,6.73365,2.31053,8.47264,8.76532,6.45056,4.62222,9.25398,8.53298},
{3.06405,6.79283,2.00338,1.58646,3.41997,9.53169,4.55948,2.3729,1.97221,1.4959,8.08729,7.24327,2.24829,4.71715,1.80572,7.27554,9.91338,1.2596,4.34373,5.47075},
{4.97823,2.28876,7.87255,7.90308,9.23441,1.97264,3.3566,4.4258,4.05798,4.0942,9.02369,5.56812,2.15482,9.64461,2.14702,8.20317,9.21109,8.00442,6.842,4.92293},
{7.50539,6.43511,2.59212,6.48203,6.30235,8.33418,8.56426,3.92089,2.81723,9.06925,4.33177,2.61359,1.09369,2.00241,7.93292,1.90291,4.60256,9.70619,5.76259,3.44342},
{6.47159,1.89713,9.08283,4.40368,4.25904,1.37355,2.01758,1.09595,7.68213,7.29711,7.53953,4.82114,1.43812,9.49532,8.05486,1.05736,4.33941,2.56736,9.89615,2.35793},
{7.45595,8.05052,8.23789,1.1248,9.77094,3.87633,9.83462,5.43077,2.49952,3.71852,2.15282,6.97578,3.56442,2.2528,8.62293,2.88092,8.04599,1.54983,8.67822,1.32289},
{5.33795,7.60387,1.97829,6.86967,1.37399,2.90568,5.70995,2.50505,4.43024,9.97473,4.62079,9.07798,5.5489,6.58881,5.91453,1.35025,9.70435,5.93425,3.24559,9.56925},
{9.43231,3.80795,6.472,3.81881,3.28177,5.8957,2.94414,2.19528,9.47723,2.19823,9.57895,6.53312,3.08401,3.01094,1.17847,7.02091,9.39869,2.59569,9.87091,4.37959},
{3.82288,2.34917,3.53334,2.65649,6.15358,2.9356,9.48138,5.89174,6.26579,1.21581,4.03365,7.2571,1.46453,4.63407,2.32132,9.11143,5.33666,1.47314,8.08519,4.42113},
{2.21947,9.6043,2.33395,5.60665,5.76109,2.92011,1.29154,5.57881,3.11266,1.44866,7.31363,9.96832,7.56984,6.13897,4.63625,7.99429,8.01432,2.35102,4.71866,2.52857},
{3.83453,1.33398,8.09132,8.51184,3.2788,2.248,7.99672,2.35373,4.64921,9.22213,6.38481,8.08594,7.99488,6.72648,8.99487,6.86106,5.53751,1.29403,8.21327,4.67682},
{1.79143,1.01738,5.02602,5.19112,6.7739,4.96865,3.60051,5.00906,1.65192,5.76882,7.73705,2.2925,5.50573,8.03688,2.07087,4.39989,2.8049,2.38721,3.87333,3.11166},
{2.18379,1.86048,3.60235,8.33466,2.03555,2.22137,9.71148,1.85009,3.86304,5.2337,3.84927,9.22428,3.01212,9.25855,2.18126,8.35331,9.59899,5.27317,9.89902,6.41586},
{8.08968,6.02598,9.96104,7.37275,4.28651,2.23602,6.2804,2.93646,4.23924,3.93725,2.08851,4.618,1.65274,6.33658,8.98323,6.78321,1.66541,6.372,8.44527,1.3281},
{4.12598,7.27934,3.02557,4.76112,6.70876,5.58438,3.37537,2.33532,9.47559,7.5622,1.35961,3.68387,3.60075,1.82012,3.16581,5.00573,5.96189,5.88616,9.07934,3.38909},
{5.93144,4.98053,2.29023,5.48203,9.97769,2.79176,4.23894,7.67395,9.62847,4.8717,5.75301,8.11089,3.46138,6.18653,6.93521,5.20429,6.10492,6.49101,8.94748,5.15246},
{6.29042,3.72874,5.47062,3.69155,9.40181,4.96628,8.05828,3.0889,3.96902,6.25325,2.90178,4.083,9.09473,5.38634,8.87332,5.70309,8.69247,6.5031,8.77465,5.15476},
{7.87727,6.41892,3.16154,2.0878,9.59224,3.57999,1.69157,2.82613,8.00201,6.40243,5.23506,5.11455,4.93346,4.67204,6.16448,8.89216,2.48464,2.21577,3.95046,9.31615},
{1.04647,5.33832,2.07137,8.84735,4.3995,8.75105,1.62836,1.64378,9.63575,2.7982,6.87372,9.57529,3.87451,7.10911,1.28553,3.1033,6.3641,3.7812,9.18911,9.38519},
{6.76993,5.48034,1.20393,3.08242,2.37601,7.67521,9.56041,2.13698,2.14624,4.77549,7.76638,1.28402,6.86509,2.93159,5.2801,8.89574,5.9455,6.32913,9.42102,1.21993},
{2.15806,8.4642,8.85245,1.86483,8.02661,5.46151,7.88067,6.62283,6.01413,7.37094,3.45567,2.51668,7.98254,1.04696,7.15455,2.99049,6.45608,8.21852,1.7622,7.99414},
{4.42631,4.85846,1.98814,8.9777,4.96619,8.27823,1.56315,9.71293,1.91982,3.91177,6.9646,6.38866,8.07506,8.79348,6.66727,1.35157,5.94357,8.22984,9.37632,5.81466},
{1.54335,8.77886,7.42968,5.92315,4.69963,8.02005,7.93013,4.22281,1.63399,1.85444,9.58885,3.32367,7.58058,1.38294,4.174,8.52174,5.80631,8.04918,6.23603,3.44699},
{2.22708,2.93,6.01017,5.73994,9.73221,8.74703,6.08536,9.13582,1.67752,9.52453,3.46341,3.83501,2.27597,3.77618,8.98346,7.57897,6.10387,2.70283,5.43954,5.62341},
{1.98205,6.25539,5.89267,3.31101,2.48908,2.75861,2.22098,5.3957,1.85706,3.13528,5.90805,2.90379,3.16486,3.1247,2.80289,5.82213,7.13099,7.23967,2.49056,5.79801},
{8.69228,5.08341,3.48387,6.72931,7.2997,8.93616,3.68473,9.07317,5.6793,7.62123,1.42632,6.30903,1.64423,7.22089,7.46254,6.78758,7.73892,5.48062,3.63484,7.22122},
{6.71217,7.0393,7.3788,4.86207,7.97099,8.25503,5.04673,4.3214,1.97144,6.04518,4.40052,9.23463,8.30532,9.53904,8.05354,5.70874,8.00958,2.57743,3.22237,8.6533},
{9.71094,7.66857,4.00923,4.62805,6.53707,5.23258,8.0736,4.52927,4.05826,7.00248,6.02589,7.30085,8.26723,4.54949,9.38497,7.34659,8.37241,9.63636,4.41823,4.67005},
{8.21926,8.71065,7.03418,9.71951,4.89996,8.17934,5.61893,7.1076,9.72904,7.3664,6.8877,9.55123,2.92798,2.3588,6.24217,9.44401,5.41699,1.284,4.32663,4.72983},
{6.544,4.22272,1.56381,6.44712,4.79322,4.18469,3.45456,4.01327,9.80366,2.28604,8.67886,3.66199,6.81511,6.57951,6.28542,9.37075,3.0451,7.51552,5.74169,4.66334},
{4.23999,1.2229,4.45313,8.10102,7.25405,9.58039,5.84642,2.55772,6.59842,1.28523,7.93181,9.90422,4.82876,2.56457,2.08761,7.13736,4.47186,8.82004,7.61483,1.25201},
{9.27857,8.37887,1.08496,3.21158,1.82489,4.35346,1.25336,1.64721,5.18459,1.36851,4.97068,7.38905,2.6495,8.65682,4.40809,7.69388,9.29029,1.44837,9.07116,6.21473},
{7.25493,8.97983,7.02905,3.27866,8.45675,5.02555,3.75316,7.77031,8.17045,8.65992,3.63238,8.98909,1.87953,6.38289,5.84261,4.38006,9.05123,4.36838,5.12401,5.07752},
{3.68536,9.48527,2.08855,7.82863,2.03934,3.22058,1.4201,7.75299,5.1256,9.19469,4.14982,2.8127,4.45019,5.5352,6.24077,9.94351,9.99981,2.88754,2.04655,4.55293},
{4.68383,4.83423,5.46346,2.42067,3.3888,2.56183,6.05992,1.49938,1.509,2.32695,3.78267,9.76077,3.0754,9.52182,1.80326,4.36567,5.58269,6.95556,5.03051,7.89466},
{5.78697,1.5201,3.0622,4.79185,7.97915,3.69647,9.52509,3.94807,1.69427,2.82739,6.83087,6.93354,5.26867,7.3994,7.95843,5.30759,3.52245,7.31246,4.20705,2.35804},
{5.99574,5.25086,9.80591,4.48539,2.08695,5.44906,4.93764,3.66134,1.30679,8.67886,5.30061,1.72708,3.9041,1.21354,6.36322,2.17252,3.6896,7.58051,2.1316,9.59992},
{9.29873,1.17842,6.2414,8.43668,3.42383,9.87522,4.18961,2.65765,8.31119,9.01493,6.41973,6.95665,3.61255,6.74068,9.66397,4.61135,8.86235,2.06037,2.41793,5.0919},
{8.75194,4.33529,9.20675,5.54284,7.7775,7.58244,7.66919,5.3754,8.23001,9.70308,7.06878,5.24207,8.60601,9.69903,9.69291,7.31971,1.81712,9.50793,6.01762,8.02061},
{3.88399,2.60286,9.98462,7.747,2.33918,8.90494,4.70436,6.36893,1.7198,8.24491,2.00302,4.61172,4.11466,7.17338,5.76162,4.58074,4.23365,6.27866,7.24927,3.32961},
{4.15931,3.62063,7.41586,7.38094,3.88119,6.42728,6.67366,3.99046,8.96003,1.3116,8.0925,1.45587,5.22152,1.77465,9.92317,6.62521,1.92475,2.6027,1.09822,2.90332},
{6.39429,8.3748,7.31742,1.00388,2.41807,3.27037,3.65311,3.34648,1.95636,8.93167,9.40388,2.58284,6.95373,6.46151,7.85057,2.63913,2.46427,2.21168,1.24734,4.6891},
{8.55363,9.94067,3.79096,3.61002,8.76111,3.08194,6.9204,2.78319,9.8082,5.87664,4.01665,5.81663,5.0028,2.37296,7.79752,4.82711,4.03671,9.307,4.19763,6.50069},
{8.27636,6.40632,2.54472,8.74883,1.7992,3.07046,5.43481,9.40917,4.18122,9.9693,8.39583,6.17535,1.6975,2.36629,5.38798,9.27133,3.25907,3.4126,3.81534,5.965},
{5.36448,2.08209,6.07304,1.57321,8.5496,7.58415,9.53421,8.96267,4.60465,6.63496,1.65573,9.65885,7.21286,5.35819,3.04773,6.7567,6.00386,5.88289,7.77102,9.69001},
{2.04504,2.23806,8.81945,7.14353,4.96946,4.26807,8.38192,9.66641,4.29509,4.46839,8.19195,9.64968,2.72356,5.88844,7.01492,6.37726,9.37369,2.20973,1.29583,6.51608},
{8.64457,2.62053,4.90133,8.89691,4.57721,1.67234,9.26848,8.48493,6.25206,4.23578,1.48384,8.9257,1.51433,4.13964,5.05406,5.58237,4.98064,1.20836,1.41125,7.52177},
{3.33833,2.22545,3.43055,2.14094,4.05032,1.13882,4.94322,5.76359,2.71581,5.27453,9.10747,9.51192,8.06671,8.71458,2.18345,5.44347,7.63052,3.60956,7.80447,2.49606},
{8.41323,9.37774,1.41117,2.22504,1.11363,4.82323,9.97064,5.73935,5.6845,9.90835,1.33851,4.66182,8.82626,2.9098,1.72138,7.87213,7.48432,9.63785,9.7271,3.9929},
{3.52029,8.10328,8.5016,7.4969,1.47325,9.30806,5.10489,7.92907,3.82335,2.81782,2.05649,4.41703,3.33775,8.69696,5.17861,5.6265,6.07878,6.82755,5.96877,6.42626},
{1.07815,6.4942,3.31586,5.24908,9.09839,4.7477,5.88118,7.24841,7.42354,5.11471,4.62645,4.40206,9.65917,3.99856,6.89496,8.55424,2.42451,8.93715,8.41867,6.63521},
{3.31241,7.47549,4.27443,1.2371,9.95492,9.50428,6.32624,7.25416,6.35997,6.88313,9.09642,5.36873,2.03541,7.45191,6.02754,4.44686,5.53292,1.85737,2.92299,6.61501},
{7.56342,9.73444,7.20187,3.52437,7.55226,5.52672,6.78232,9.49062,3.37781,3.59446,3.25032,7.95827,1.74552,7.60965,9.42582,6.16065,7.74271,4.77875,5.91462,7.49932},
{5.94703,2.92699,6.03962,7.85786,5.86134,8.9921,6.48099,7.54244,1.65899,2.96835,7.0946,9.5824,7.83936,3.87542,9.10213,8.82463,6.39017,9.70202,5.35565,7.8369},
{3.01169,4.40388,2.85215,4.57966,5.77289,1.71315,5.50543,6.17995,5.84023,2.91318,6.35187,6.39307,9.24379,3.76139,6.00895,9.14555,6.28105,8.17997,9.89341,4.94115},
{1.44171,8.02212,9.92535,5.89433,6.50498,3.75684,1.67401,5.67716,3.73663,7.7063,3.13752,3.26756,2.1155,3.06065,9.14455,3.39013,5.42973,7.75806,1.71691,2.73209},
{3.01887,5.44413,1.62655,3.94175,3.84853,2.82366,9.49267,1.51932,9.49977,3.06617,9.5286,2.92664,3.60698,6.32863,7.67766,9.69759,4.92622,1.91003,3.44724,9.06386},
{6.74461,2.78176,1.97752,6.07596,8.10804,6.88645,7.79424,6.92683,6.63002,6.85194,9.97404,5.03093,6.99057,2.88325,9.92305,9.06072,2.71428,1.08781,6.80381,3.39312},
{6.30117,6.86372,5.51713,3.91438,5.30792,5.28448,7.44832,9.21697,8.70766,8.31114,4.6316,8.61126,6.46182,8.81634,8.85666,3.04665,6.47775,4.40647,6.64469,7.06194},
{1.62592,1.33142,6.19596,1.10147,5.64067,4.21796,5.75638,7.53463,4.93378,9.39577,3.59681,4.52628,9.04168,5.22217,7.57534,8.82477,4.24723,4.72755,9.68486,7.64126},
{9.37255,9.48683,1.63398,5.22567,2.85337,8.8601,5.44273,5.00029,8.4216,2.36319,2.94585,1.46617,3.71149,3.8875,4.65488,5.67011,6.2849,8.13871,3.25103,5.26596},
{1.40416,4.1879,3.13506,9.86929,4.2909,4.48449,8.89798,1.42921,2.53768,3.48599,1.59219,8.22128,1.41644,2.7061,1.33208,7.35545,3.55873,3.8187,9.87872,9.69602},
{4.19021,2.53127,3.70961,6.44306,3.4933,3.35129,1.75132,6.0344,1.99253,6.00204,8.97416,5.5391,6.89338,6.06017,7.81418,1.5916,9.45875,8.73162,9.99485,3.05816},
{9.27839,3.95403,7.05949,4.14209,1.3865,6.00959,9.88465,4.75155,7.29699,5.20769,5.12846,5.55984,8.15354,3.55002,2.5382,5.14044,2.15477,3.58641,1.16137,1.38592},
{8.5042,3.25574,1.88978,3.52991,5.76768,6.12183,4.02375,4.85659,2.42459,3.26793,6.48136,3.2127,5.79385,6.72962,7.73687,3.5962,4.55923,4.26784,1.42446,1.33044},
{6.83513,4.69237,6.28995,2.74007,3.62568,5.28789,1.779,9.32307,5.64584,5.11956,3.22522,3.6276,1.98629,5.04507,6.07709,6.05802,7.78918,4.57463,1.51467,3.4307},
{7.7994,6.16595,9.48563,4.35309,7.97419,6.27773,7.61313,3.00684,7.67746,5.67637,1.42116,5.73941,4.67641,6.17231,9.41301,6.55543,7.83509,2.22396,4.44093,6.42701},
{5.74533,8.04418,5.58531,2.04756,2.14261,7.7888,1.71907,3.92501,7.84775,9.55184,9.03339,2.6427,1.60951,8.42739,5.90473,6.7584,7.89336,2.26055,5.99699,5.51106},
{3.65421,7.11387,9.48897,8.6017,2.82788,3.55857,5.33411,3.20094,1.28286,3.27867,4.54967,6.62904,3.03595,1.93544,3.6252,8.68534,7.66611,1.14667,1.08779,4.71425},
{2.4567,2.023,3.26571,4.86946,4.89088,7.67388,5.63887,5.59805,1.37941,7.25988,5.17294,5.39042,3.12705,9.93609,2.64405,8.29282,8.83288,2.69604,8.39526,9.47904},
{7.99015,6.32669,5.43725,2.29944,9.37346,4.01266,1.93437,2.71289,7.43851,9.85623,1.48256,2.9994,2.77759,3.75911,7.0311,8.73038,9.29891,1.88147,3.83668,5.97465},
{3.81066,3.43594,5.3446,1.55263,6.03228,2.15111,4.26509,7.35389,8.82909,9.56024,3.60408,5.10564,7.25481,7.52073,7.62592,6.7454,5.49987,8.31455,7.26774,2.67588},
{5.80858,3.1947,7.98885,6.08421,3.66499,1.17495,5.34596,4.13413,7.11834,1.83636,8.51833,1.94283,9.61778,6.02419,4.86755,2.77064,3.34945,6.81188,7.53859,2.32104},
{6.74606,6.32235,9.81292,8.77921,9.11124,1.02636,7.27005,1.61596,8.78106,5.7955,2.48252,6.41496,8.25507,4.85508,8.00939,5.2983,6.9706,5.65223,8.5855,1.52528},
{8.01144,3.03951,3.47361,4.92136,8.8267,2.66138,9.38513,3.23589,5.43613,3.79215,1.01507,5.82941,3.06258,4.42447,8.89741,5.1038,4.68728,4.50989,3.13963,4.12724},
{6.99188,3.01351,5.57974,9.65869,2.00189,4.77688,5.86824,7.71154,2.48303,6.2432,6.08986,8.11855,3.77213,4.61244,9.12907,5.55009,9.86976,7.98316,6.94721,7.88353},
{5.77048,1.22705,5.69178,6.73837,5.69221,5.50006,6.81128,7.00101,6.68983,6.71644,3.81898,8.20019,1.84951,4.41181,1.75082,1.66352,7.06438,5.75564,3.51084,2.83796},
{6.64997,5.87692,1.74014,2.69038,3.71335,1.41252,2.88309,5.25117,4.8636,3.88479,4.00443,2.20027,6.2284,3.87005,6.2118,4.37275,2.36689,2.24721,8.59768,6.11512},
{2.35725,6.48013,6.75329,8.18386,5.62826,6.98446,7.03972,1.29041,3.85409,2.67636,4.69208,3.30094,3.82306,9.60928,9.75302,3.40098,1.83985,4.51381,7.79644,8.33515},
{6.65247,3.01417,6.23723,8.9045,1.37332,5.23304,5.4325,3.91388,1.38481,7.27551,9.30862,4.10771,3.44096,6.88322,1.74097,8.91006,9.88404,4.91265,7.03519,4.56604},
{5.94906,3.11253,7.60468,3.74109,6.75724,2.63478,5.04059,8.46137,7.49553,5.67291,7.99297,7.80554,6.25848,7.02256,9.54283,2.21573,4.08095,1.75158,2.91434,8.90073},
{8.43656,6.716,5.00936,8.38542,6.41614,4.11307,6.30676,1.69878,3.48191,2.64654,8.3365,1.37221,3.11171,9.89157,8.4586,3.28447,6.54691,6.16278,7.05028,7.42186},
{9.06812,2.88476,7.04174,9.83796,4.90347,1.73371,6.80764,3.94803,1.57791,9.8459,7.8799,5.91834,7.04676,9.37292,3.38739,6.75385,2.57565,3.54733,4.30199,3.30367},
{9.45685,5.79615,4.09692,2.41611,8.87126,5.94947,6.50376,2.15649,4.16539,3.20657,9.60535,3.64678,1.82974,3.81712,9.52939,8.58401,1.30346,4.8362,8.28475,4.75314},
{4.8881,2.76921,5.82753,5.71047,3.29979,5.67157,3.58026,8.9892,3.92524,3.3856,8.2361,2.73858,3.64987,1.69469,4.71942,5.75197,3.28343,5.93423,4.48444,9.22582},
{9.88124,4.67984,1.97704,9.09009,6.51915,1.3786,6.7116,7.62104,7.00452,6.78204,2.361,7.99453,1.26439,2.3483,9.52137,4.32895,8.5182,4.4207,6.87397,2.82251},
{6.04293,7.87587,1.77807,3.00125,1.80286,8.82384,2.08068,5.82538,5.94858,2.5205,1.75797,5.62363,2.12649,3.96418,7.23935,2.49633,4.81039,3.1149,9.75356,2.51712},
{4.15395,1.49386,7.06078,8.32618,2.35199,6.82689,6.72221,3.34052,8.18775,1.31427,4.57063,7.33832,4.70231,8.19034,3.49018,8.80974,2.19941,9.27172,3.62281,7.95713},
{6.50027,4.37274,1.30237,2.43464,7.8316,6.65753,5.45977,9.63471,7.41033,3.85371,5.37507,3.53792,9.17528,5.81159,9.9648,7.39575,9.78152,5.17625,2.70449,5.54421},
{4.85696,8.87983,4.75831,8.25516,1.27369,3.16969,9.05789,3.39605,1.39984,2.35271,7.13041,8.81244,6.66477,5.65079,3.32794,4.43799,8.55408,4.65453,3.23189,4.83931},
{9.76827,5.4843,5.32581,7.22476,3.62423,1.69849,8.76003,4.00706,1.46787,1.68033,5.93769,9.36832,5.37247,9.35707,9.04054,6.04645,7.28208,6.09744,5.01065,5.53668},
{3.48864,9.4356,4.93121,8.71814,8.10383,3.40664,2.55192,5.29338,6.54069,6.16793,1.22806,8.98547,5.88975,3.87388,4.76619,4.35428,1.96139,6.99463,1.52943,6.24932},
{9.05014,3.32324,8.9066,6.93607,4.66293,3.59613,8.40958,3.53391,5.72875,2.98701,7.73019,1.1409,9.87865,4.67088,9.66776,5.20782,6.99525,9.33621,7.94646,2.27214},
{8.74346,7.07886,1.58656,1.19267,3.34765,5.31416,4.72532,8.75384,1.47493,6.71309,3.52946,9.53852,1.24153,7.71477,8.66421,8.22681,4.76484,8.37363,5.61859,6.33723},
{2.67903,6.21933,3.81568,8.30048,3.49389,8.48567,3.87136,2.59404,9.60887,7.95941,2.14717,8.17928,6.46496,3.78924,4.59136,3.52221,3.50713,9.20546,2.25245,2.8075},
{4.06923,5.34687,6.19692,7.10887,7.25806,4.20245,8.63041,3.5915,8.92773,7.50808,9.82713,6.66301,8.93861,5.98083,9.54812,2.69468,4.33501,9.26761,1.18344,9.47578},
{8.56791,8.47792,1.31516,9.51431,9.57305,1.34775,7.03557,7.16825,3.82223,6.14151,8.72954,7.23191,9.78712,5.3484,2.63262,8.53609,6.50127,3.49915,8.91869,6.82398},
{9.68964,8.91117,2.27068,3.38507,6.4,3.98886,3.87808,7.18908,4.16588,9.78163,5.08817,3.62295,8.22632,8.7384,2.12208,7.18693,4.61399,4.19485,3.9358,7.66535},
{5.67693,8.77744,8.2644,6.51981,1.8457,6.11615,9.97866,2.93294,1.57477,5.01119,2.61073,8.15972,8.91929,7.63757,6.48395,9.96476,3.24794,8.31575,5.53403,3.05866},
{6.20031,4.47121,4.41243,1.89738,9.29518,1.467,9.03047,1.96329,1.28746,8.96165,5.1271,8.54017,1.93063,3.48613,6.28861,1.78373,5.59754,6.97202,1.65513,7.39456},
{8.1271,6.16429,7.29211,8.39804,4.54315,2.03736,3.75556,4.23471,4.29691,1.6842,1.77947,7.75889,2.25906,4.21562,3.88657,1.82987,1.6293,4.84495,8.06958,3.31797},
{1.84464,3.55902,3.43887,4.9574,9.2109,2.24206,7.55374,5.75666,5.23831,3.17154,8.16774,1.97073,6.90204,9.86777,2.0865,1.29724,9.0769,6.96515,2.7736,6.47332},
{6.22134,3.2876,9.03183,6.51092,8.56976,5.28404,8.00981,6.75246,7.71222,4.69362,9.04778,5.16755,8.10522,1.85836,1.39115,2.08283,9.85732,8.13961,2.64457,8.1896},
{8.26505,4.15079,7.42693,8.7812,1.03134,1.80279,7.12602,6.1536,2.97389,6.3982,9.03076,7.43792,3.57412,3.23962,7.9016,4.27475,5.4213,3.76712,3.06661,3.26991},
{7.72794,1.48089,5.0752,6.4384,2.56368,2.68713,8.32252,1.13267,8.98751,9.98752,4.75335,2.55927,5.87299,3.34481,9.47265,7.93388,8.78371,2.97848,1.59974,5.5766},
{7.82488,7.12265,7.25066,3.12187,3.96842,9.4808,5.47204,4.77608,2.89871,5.16339,6.47545,4.93448,3.19614,4.85674,9.82668,7.2291,7.37789,7.91511,2.02937,5.24961},
{6.10557,9.58911,4.78401,8.28135,8.15683,6.7312,2.31637,1.3071,9.47709,7.05288,9.92869,7.86721,3.63163,1.12679,6.84157,9.86476,6.71184,5.79024,2.8933,6.92133},
{3.91265,4.67417,4.62892,5.5662,8.12534,9.08995,2.77109,3.22268,5.85652,6.25563,8.67474,7.40792,1.08962,7.4114,6.98381,2.76418,8.38467,9.76517,6.13473,8.96144},
{5.7386,3.05536,2.17068,6.12772,1.17403,5.61793,9.60704,3.31689,9.33504,1.37509,4.46461,2.88396,7.83382,4.68739,3.89599,9.56464,9.35413,6.73151,1.75348,8.99983},
{7.8199,6.82683,1.80031,1.63588,1.1033,3.17231,3.25977,9.27374,6.83843,4.85377,8.5273,2.44728,4.23478,2.67282,2.25614,2.30805,4.63571,6.62121,7.46746,3.69322},
{4.24705,4.9066,7.8345,9.46311,7.82948,9.19643,1.49896,5.36185,5.8715,4.81419,9.82037,8.73396,3.59561,1.60964,3.92059,7.68072,6.63063,9.87566,1.59864,2.95516},
{7.79103,4.31977,5.4429,8.8971,2.90694,8.10197,3.1741,1.64153,8.97909,7.20238,7.4126,5.32151,8.75277,2.10306,9.79064,7.39326,2.33271,4.83393,3.69978,4.33224},
{7.81718,5.20262,4.1367,9.50421,3.79248,5.16467,1.68738,1.81529,9.2594,1.69319,2.9457,8.53165,9.98984,3.1722,5.56223,1.14575,7.55209,5.62734,1.76105,6.08451},
{5.29679,5.84609,9.1518,8.59628,5.0312,7.70398,6.92266,5.82631,8.815,3.15621,8.04145,4.94037,7.95513,3.78398,6.52653,3.20054,5.50781,3.55186,2.203,8.25569},
{1.62691,8.69191,4.84148,9.89991,2.87382,7.75866,6.02184,8.2834,1.46074,1.68761,1.64559,1.13693,7.58719,1.57289,6.28561,3.77406,6.69007,3.62406,1.82583,5.93934},
{4.79018,3.2999,5.02213,3.13457,6.42404,3.82798,2.05651,6.59234,9.55543,5.23579,4.14298,5.71112,5.18576,5.60174,1.63524,4.65502,9.33687,9.46047,7.29447,6.46048},
{6.67693,7.92593,8.16748,4.02388,1.93149,5.40199,5.90957,1.49499,8.13377,7.6422,6.2584,2.04754,6.62321,5.16495,5.70055,3.76657,6.99184,2.77532,8.64704,4.22413},
{2.74248,5.13929,3.31499,6.21409,5.17008,4.54499,4.8051,7.61939,1.71947,2.5741,7.86971,4.41102,7.18069,7.71072,3.11192,8.91745,9.95734,1.1752,2.66083,9.34585},
{5.41623,7.78009,8.68451,6.50358,8.7885,4.88738,4.43035,5.74792,6.54028,7.47977,7.56029,2.37963,9.82466,6.72101,9.06619,3.18287,5.66958,4.29808,9.78744,1.20519},
{4.87076,9.26964,5.1589,1.54861,3.31703,1.32333,7.65123,9.76972,1.98642,4.60584,8.65797,5.67356,7.21699,2.74235,1.90073,9.15162,1.73367,7.29731,9.60901,8.61148},
{7.70839,9.47849,8.96202,8.65339,2.40439,9.16181,9.9246,2.73031,4.92865,2.42967,1.2964,8.23005,5.95647,1.94128,7.91741,2.63736,7.94954,1.15257,8.84737,6.80738},
{5.75392,6.14608,3.42776,4.89092,3.47139,5.85573,9.56481,7.56933,7.95368,9.20292,3.46482,1.05875,6.22864,4.76876,7.34092,1.21849,3.03475,3.87973,2.44413,6.37142},
{6.64647,8.78173,7.2401,8.42432,1.28166,5.74522,2.96925,8.9639,1.35716,2.1385,1.30848,3.45049,9.35165,4.30372,1.24788,7.18975,9.42791,3.85425,8.99247,1.7015},
{2.19164,2.21264,2.95957,7.87572,6.98108,5.03081,4.83028,8.88332,8.95547,8.79575,1.19017,1.36119,9.24665,2.33913,2.433,6.15581,8.7596,3.28557,2.09863,9.47563}};

static const Matrix restrictions_aux = Matrix(restr_rep);

static const Matrix restrictions = restrictions_aux.transpose();

static const std::vector<float> costs = {428.559,557.987,690.408,95.9847,411.095,830.683,231.951,629.534,977.604,862.504,964.977,361.695,727.339,155.436,189.069,905.402,614.114,169.774,420.971,963.941,618.098,664.245,628.535,13.549,955.128,649.61,164.565,42.3994,826.078,596.429,432.485,811.531,890.742,116.581,533.275,555.419,445.446,15.6812,525.271,885.091,996.775,800.614,12.4234,735.168,496.395,160.276,518.996,517.762,145.127,383.894,188.649,437.046,213.384,551.268,289.402,718.622,677.532,898.712,537.165,845.326,425.913,848.632,708.126,769.817,702.988,416.932,75.8154,958.924,475.252,790.339,305.442,886.236,315.293,230.005,977.763,856.307,462.41,670.127,123.943,202.542,329.189,605.345,385.025,718.476,555.259,849.032,492.767,965.004,670.932,870.354,644.458,920.644,694.958,446.358,148.397,123.572,877.549,362.875,710.804,215.867,496.129,31.5246,448.105,752.19,18.8044,538.766,842.906,286.479,786.787,803.53,416.421,415.073,367.897,173.242,89.8915,251.202,481.513,220.388,558.89,863.958,160.741,913.51,88.3993,157.807,908.299,419.723,538.714,754.565,502.128,574.438,11.8341,313.556,196.901,817.234,545.563,867.467,940.313,400.275,669.437,468.97,998.968,826.983,844.207,323.584,993.805,315.798,971.036,567.43,572.564,276.093,51.7907,850.255,522.785,951.109,725.202,118.078,288.376,44.4376,89.4317,598.311,318.51,405.407,493.265,34.798,626.424,57.7747,4.6714,862.637,34.2291,726.521,50.7814,26.5155,781.138,372.613,446.114,699.942,58.9912,862.445,432.705,520.55,607.14,538.19,317.875,58.9911,610.309,78.7738,33.7588,414.023,731.739,828.785,784.604,94.391,313.857,285.96,238.967,566.862,739.094,961.067,666.891,15.0461};


static const std::vector<float> min_impressions = {185.662,101.766,72.2072,61.2122,66.9696,44.1961,186.195,172.292,107.893,173.001,84.4745,135.053,195.535,101.229,109.869,182.042,185.238,117.055,129.6,154.44};


#endif
