#ifndef PROBLEM_H
#define PROBLEM_H
#include <iostream>
#include <vector>

#include "matrix.hpp"

#define APO

static const int media = 200;
static const int segments = 20;

static const std::vector< std::vector<float> > restr_rep {{2.28136,3.9208,4.27323,7.28406,4.93051,7.67529,7.16083,8.60357,7.29847,6.64917,4.85886,7.52255,1.37647,2.27337,7.82018,3.5223,4.5637,1.17368,3.21011,1.62422},
{3.59981,8.11534,2.96317,2.74151,3.93256,9.67583,4.16402,9.62012,9.91373,1.62519,2.82808,1.57215,8.14837,6.51393,2.11126,9.5439,5.37949,4.73377,1.38796,8.91121},
{9.17056,2.34008,8.97958,1.09674,7.32603,2.49239,6.58243,9.56491,1.27641,4.39472,4.30535,3.09112,4.33172,7.53797,2.29219,8.94084,1.21919,5.02498,1.20586,6.04142},
{3.31977,9.9948,9.29076,8.30775,5.33242,5.33252,8.19114,1.36417,1.08109,2.65876,7.54738,2.96037,9.90694,8.22133,7.11856,7.37542,9.90987,2.89344,8.91699,8.90837},
{6.12033,6.22765,8.57342,1.52893,6.83115,8.28157,6.71025,2.75452,5.37983,6.14579,7.665,5.00304,4.28163,9.33429,9.3491,4.27942,2.64313,8.96346,4.38038,2.47857},
{1.01149,6.95506,8.49276,9.42605,6.34552,1.9915,2.03254,2.29782,5.54701,2.61598,6.20321,8.89823,8.98293,4.93663,5.95304,5.13325,8.74109,4.22084,9.91169,7.49678},
{3.38076,2.78704,7.97535,7.20986,1.97915,5.99298,1.9832,9.43381,4.92084,8.70607,5.93904,4.50716,5.27172,9.43424,6.99229,6.4266,1.23206,8.35821,4.76772,4.32778},
{5.12521,7.56865,2.18328,5.08142,5.85697,2.64403,9.46515,5.13156,9.08762,3.04948,1.29808,2.74224,7.84446,9.33587,9.42642,2.05207,1.8459,6.92777,8.06417,2.01113},
{7.87119,5.2087,7.56692,2.2377,6.3293,2.95152,6.70601,9.49675,7.5203,1.93348,5.72512,1.65367,7.79723,2.70397,7.08654,2.15425,8.65949,4.81517,3.20553,2.03583},
{3.7114,5.31531,3.86967,1.21748,7.69711,1.31511,1.27973,5.70413,9.32865,8.07818,2.1688,1.57884,6.74065,6.51423,1.58938,4.26005,6.44645,7.12354,6.39878,3.38144},
{5.99765,5.22571,9.10167,6.63366,6.98302,1.96568,1.19111,4.67332,9.56305,5.92879,6.30576,1.39383,6.11919,5.45413,5.3425,8.37522,4.16227,2.45191,7.86107,7.36385},
{5.70243,9.18276,6.06591,8.251,4.80976,3.32548,3.28091,5.13269,8.09269,4.26228,5.17967,6.72227,2.15531,7.82945,2.9048,2.89646,6.66717,1.26335,5.96524,7.52306},
{9.99321,9.85348,6.15779,4.72398,3.82488,3.35541,8.06987,9.92483,5.18316,6.43755,5.90168,3.37556,5.99916,4.53693,7.02603,2.06975,6.28114,2.63131,4.63948,7.85254},
{3.58586,1.04915,3.65329,6.71764,2.79693,8.20926,5.13155,6.53055,5.72937,4.92934,7.13849,9.61249,3.65158,3.25267,3.27155,5.6914,7.5649,9.30277,9.62885,4.50384},
{4.59231,5.75682,7.65742,4.51234,7.76547,9.86952,2.6272,1.82926,3.1818,9.17024,8.90422,4.07754,7.57305,9.73333,1.04459,4.13226,7.02381,2.29734,1.87562,7.68651},
{1.48353,7.55894,1.86337,3.74737,1.39755,9.48275,2.77248,1.07434,3.3456,2.02434,7.98807,2.6747,5.4387,5.55237,4.06325,2.02218,4.50516,6.11752,3.48241,8.26024},
{1.29639,9.25897,1.02834,3.19262,7.09764,8.97961,4.39192,4.17053,1.04992,5.24587,8.22171,8.64079,8.95069,3.11908,3.88991,4.34802,1.68326,2.30107,2.73303,3.99438},
{3.43665,6.30288,1.16705,2.41959,7.92501,8.12313,5.66598,4.27502,3.96191,6.26411,6.64522,2.24871,2.39655,1.91912,3.07073,1.49331,7.03129,6.29931,5.85706,6.08222},
{8.9962,2.14933,9.55094,1.89578,1.354,5.67569,3.41588,4.40583,2.1275,2.48256,1.89302,6.65369,1.72921,9.52663,6.75619,8.46778,4.18769,1.46759,8.95197,5.77722},
{6.17329,7.52826,7.77844,1.53325,5.57077,2.09485,7.90728,7.78797,3.62029,1.46851,8.52903,6.7083,8.96274,3.58359,8.9036,5.54992,9.84878,7.6934,6.19135,2.9635},
{2.71517,7.79646,2.81734,6.30842,2.06743,5.17534,8.6283,4.98549,1.92287,9.35328,5.06557,1.22673,7.56487,4.92695,3.41256,3.81549,1.95076,4.50266,4.96174,9.09663},
{8.16534,1.56283,8.50028,3.09691,9.45611,9.95475,5.36888,4.57227,8.76195,6.66675,8.3027,3.11672,6.18259,5.22907,9.94518,2.39024,7.89831,6.75031,6.33808,6.84602},
{4.07013,8.61111,8.73482,5.0804,5.60358,3.28596,8.59607,9.11421,1.83826,9.66221,8.96516,7.7062,2.0511,4.49311,7.54281,4.03298,1.39661,8.78937,4.59653,6.83637},
{2.0194,7.57999,5.65873,5.46786,1.12551,1.4148,9.36858,8.22709,5.25717,4.97093,2.00821,8.44453,2.20201,3.61899,1.79014,3.32106,2.35975,7.91501,1.68834,2.59244},
{5.84436,4.78064,3.57813,7.39449,4.13503,6.33213,9.96378,2.45105,2.32122,5.6867,5.44696,1.17373,6.65311,1.54001,9.17804,4.60254,9.84905,1.57384,2.86776,5.38947},
{5.48048,1.87492,6.8635,3.88924,2.85666,7.75912,6.79826,6.22483,1.75732,9.06734,8.94703,6.77321,1.00434,7.25169,2.27558,5.05773,8.24604,6.66542,5.27093,1.81215},
{9.55941,5.76125,4.38779,2.83276,1.44667,1.61252,5.64059,3.21785,2.07846,5.7637,7.73293,4.83892,1.55897,6.04142,2.87451,7.50211,7.2177,4.02122,3.98709,7.8131},
{3.94422,5.3485,6.17955,1.33974,6.15245,5.63162,7.98604,6.81565,2.0048,6.52316,5.27152,2.557,6.81117,1.205,6.78023,7.2374,4.67572,6.50951,5.54132,6.47931},
{4.13818,8.65458,6.38042,6.49137,1.64844,2.76999,5.24523,8.68251,5.13616,3.37488,7.31533,2.14419,4.41059,5.84348,9.21785,2.60027,3.78312,7.34796,7.92553,2.30992},
{8.95498,3.51459,4.45721,4.71559,4.58617,6.83814,2.18929,4.73858,9.99329,1.87047,5.35796,5.3473,3.95193,1.18247,2.94781,7.62073,3.55023,6.10214,8.68317,2.48928},
{4.212,7.68155,7.93087,1.23836,3.06772,6.51225,7.25645,4.55425,2.16539,1.16403,1.10651,6.14216,2.38905,6.86523,2.47256,1.64179,1.18751,2.45606,2.64406,9.42418},
{1.63656,6.19761,8.8339,2.30334,4.35437,3.87011,7.5258,3.15476,6.96697,8.55995,4.42207,7.32764,6.96915,7.68044,3.01947,6.36288,5.68267,2.83448,1.81162,8.59336},
{6.94068,6.09066,9.18326,3.22449,3.51835,7.85204,8.53887,8.78649,9.47678,6.37966,5.81533,8.07632,6.14775,3.49747,9.31086,5.49266,3.80939,4.69974,3.1412,1.69808},
{3.99764,5.33984,3.2474,2.1202,8.14396,2.00875,1.6607,8.7429,3.14475,7.71099,4.54752,1.37556,3.35896,4.51318,1.39554,2.54285,3.86073,6.06746,6.83752,9.55416},
{8.62329,4.33902,4.87469,3.12006,9.35939,6.99886,4.51293,4.01777,5.34436,9.75387,2.6687,9.70501,9.71617,4.59049,6.05075,7.58079,1.69786,7.38527,7.65438,6.42227},
{9.055,7.78652,5.62186,8.71627,2.20256,8.49561,5.0682,4.03381,3.65155,6.12637,2.5957,4.86505,5.66004,9.97076,6.76762,3.62474,3.65546,8.05452,2.32659,1.09091},
{5.84049,8.45628,6.97106,6.51831,4.74332,4.96894,4.32254,1.3807,1.4006,2.80617,2.23827,3.89356,3.17674,6.63527,9.88902,3.5221,4.93593,2.35819,5.05753,2.88402},
{1.63664,4.16061,4.99276,6.96211,1.27055,7.94448,9.62395,8.93598,2.67819,5.36994,8.27358,7.15867,4.12335,2.40057,6.88272,4.13994,7.29114,6.15641,3.65298,6.83021},
{8.42584,9.10428,2.99732,8.30204,7.31808,2.4663,9.42448,2.87948,7.12817,3.60443,2.44871,9.95267,8.05199,2.96797,4.95048,4.02509,5.44815,4.596,9.89147,9.90151},
{9.26023,9.67149,8.13097,3.89843,9.16094,4.42661,3.31058,4.84582,7.49619,6.13761,3.16298,4.73364,8.7784,9.90918,4.89075,3.91991,2.82337,2.25612,9.01921,8.2769},
{7.05919,2.66966,3.06264,7.91927,6.43116,1.10025,6.42946,3.99603,3.97513,6.40101,8.94108,2.13797,3.04518,5.24441,6.81998,9.61833,6.51156,5.84177,4.10019,8.77459},
{3.16945,1.62121,1.04585,8.44858,1.58429,7.55992,4.39186,2.1374,4.56645,7.74996,7.12729,3.78805,7.44032,7.94162,7.45904,9.41924,3.45927,4.91172,3.81327,7.25799},
{9.93292,6.99092,3.7908,5.06031,5.26657,3.39352,9.45087,2.59912,9.42586,5.01235,4.65189,8.82748,3.98478,3.64688,5.94612,3.14562,3.57346,7.90531,2.49269,4.57858},
{1.24974,8.36528,6.86825,6.47474,1.22657,2.94044,4.69846,6.8645,4.60091,9.84804,5.90374,2.05592,9.03826,9.78053,9.85332,2.85759,5.84499,6.00231,1.1126,5.49439},
{5.3774,9.81449,4.45358,1.1213,6.68812,6.06029,1.3016,4.92518,3.44006,2.19683,1.80458,9.64485,4.22711,8.18213,5.49299,4.76354,5.884,8.24489,1.81584,7.02028},
{1.09656,8.88552,4.46343,8.9159,3.87013,1.08731,1.33284,4.0515,8.73883,6.72589,6.37611,9.74378,5.3403,9.60875,2.3834,4.60695,7.95573,4.40276,2.52525,2.00807},
{3.62522,1.99438,9.79326,8.43946,3.79541,5.91841,7.18859,4.53117,6.19767,5.26678,7.59416,9.59091,9.93076,1.65448,5.78334,8.76454,8.38983,4.56344,4.56616,8.60359},
{2.60614,2.0809,5.0681,8.177,6.49204,6.40569,2.46234,7.64865,6.34046,5.98343,2.60359,3.64334,5.48853,8.57436,2.2313,7.73969,2.85443,1.6588,5.89071,7.50445},
{9.83349,9.21351,3.14665,6.74399,9.78792,4.36955,7.49362,2.73969,2.92036,9.13258,7.1245,5.79482,2.11413,7.26975,4.88838,1.38383,8.41645,9.55704,1.28063,9.92112},
{5.86522,2.73938,8.81183,2.83427,6.29885,1.98005,7.49524,7.6358,3.16481,6.9281,4.85487,3.53907,6.18384,3.78627,7.3562,9.3865,3.38073,1.27634,7.42363,3.46731},
{3.61121,5.40134,3.01248,2.23425,2.18042,2.08755,3.86674,3.574,9.59248,3.28596,8.64672,7.00388,1.57849,2.7444,4.23307,9.53135,6.4797,4.82195,5.3544,1.36761},
{4.9596,7.54348,7.12191,9.98027,7.05741,9.1519,5.33103,7.8208,5.5826,6.92536,5.65539,6.6746,1.18641,2.30844,7.68108,9.21544,6.90893,8.1705,8.38236,9.47639},
{1.95082,9.55132,1.7809,1.70581,1.49096,5.8386,8.34914,8.15909,5.35673,7.04463,9.25649,7.34529,2.89784,3.45617,3.05901,2.00639,7.26563,1.40829,8.15864,6.87827},
{7.78118,3.57266,8.54089,5.21412,4.40381,9.20279,3.63707,9.85922,8.07611,8.5313,4.61824,7.05842,3.15715,5.44303,4.51882,3.69831,1.47164,7.50028,7.39758,7.93152},
{2.42518,7.48712,2.81942,6.83285,8.84465,8.71586,4.81559,5.20106,7.23595,8.41351,1.92099,9.59571,2.82506,7.09759,2.59491,7.90231,3.97889,5.6026,5.93623,6.9784},
{6.29459,1.88699,7.75454,5.64661,7.73479,3.82097,8.44338,6.36647,8.33083,8.76803,4.54279,9.16996,8.07582,4.67398,3.51611,9.84674,6.40062,8.51459,8.93942,4.82633},
{4.47989,3.63944,1.46082,4.13202,2.25388,2.24563,6.46679,7.86084,8.94267,1.16233,8.18431,8.43595,8.47995,3.37145,2.58747,6.49925,5.84516,8.57658,3.1151,2.11509},
{1.31526,8.14531,8.95324,2.95671,3.90602,2.68644,2.86794,2.58268,4.45194,8.30219,3.33799,2.39991,5.74545,9.0146,2.26583,5.83844,2.437,7.49272,9.42309,5.94742},
{1.63202,8.68303,9.94213,6.21882,8.05119,2.61591,8.47376,5.97649,1.62131,4.43927,8.00242,8.63257,7.63191,1.99807,1.62229,4.07134,1.22328,5.04981,8.19071,9.27839},
{6.39347,5.37962,5.85062,4.44453,5.47001,4.87968,7.27029,4.8596,1.18079,9.78744,7.40326,9.01546,4.21567,5.92266,5.57682,3.91407,5.29826,4.31428,4.77341,6.36441},
{7.11169,3.74625,6.24853,5.82066,3.08197,2.80667,2.99358,4.17645,5.80706,7.68855,3.00541,5.50093,9.79866,5.30496,3.79795,6.55761,9.81961,5.60229,7.95155,8.96152},
{2.50856,9.40049,6.12144,9.13738,7.0642,5.73579,1.51695,6.94518,7.82095,4.76181,3.23624,9.19489,5.49675,1.88678,4.63428,8.32434,3.76492,2.51505,2.98387,4.32411},
{6.68241,4.88254,3.51638,2.34514,6.01255,4.00232,1.36514,7.00979,7.20397,7.77379,4.04939,5.23988,1.05,9.55976,2.67029,9.87612,5.78892,6.53397,1.44348,2.50645},
{7.7605,3.75242,6.6123,9.57608,7.47304,8.33971,4.75693,9.56783,9.40754,4.34868,5.53459,7.00481,4.30475,1.21114,7.4273,4.02688,5.95383,6.24076,3.26356,3.49992},
{7.45607,5.84037,5.11116,7.6021,9.93975,3.70301,3.68103,6.5443,6.6367,3.41183,7.80512,3.49677,2.92033,2.85526,6.05284,9.60002,5.32257,9.92389,1.99908,6.76126},
{2.11343,6.0125,5.13725,4.85178,8.48713,8.94693,2.57023,8.43764,2.08005,2.06367,2.00433,6.22274,8.86299,3.01614,1.87805,3.42128,1.96675,9.31323,5.77565,4.22803},
{3.37671,2.96906,2.55303,9.457,5.55754,6.31554,9.63515,7.70523,7.93954,2.12092,8.75158,1.47757,8.19091,9.81882,6.08515,2.23521,8.02155,3.59301,3.69531,3.3145},
{5.60474,2.47912,9.24,2.66403,2.05957,3.64009,1.58198,7.24624,7.22058,4.26065,6.28793,5.54478,3.00537,6.84768,8.69476,3.88141,6.00497,1.41861,4.02076,6.34435},
{3.58204,5.44192,8.03478,8.19812,1.17152,9.7212,7.4244,8.56406,7.11641,2.75553,5.16462,3.42063,7.03122,6.70107,6.12485,4.04379,1.39598,8.1914,1.0569,1.94398},
{9.01849,5.83347,8.41474,5.90672,7.844,5.88296,7.23688,2.47918,5.11332,7.50976,9.90609,2.10868,4.22515,5.45566,4.99535,4.20306,8.62819,5.73287,9.63699,1.1207},
{3.67852,5.73061,3.59947,4.77874,6.50594,9.70842,1.1365,9.44396,3.47838,9.64122,5.09159,3.47964,3.97586,8.52015,2.17525,5.20221,5.35113,5.91903,2.39594,3.55372},
{5.46845,3.11108,6.44339,4.80355,2.54649,5.28635,2.65913,6.2085,2.53772,7.16477,4.86077,7.21405,7.71733,5.84852,2.154,5.29125,5.94796,5.08431,5.5483,5.90036},
{6.32695,8.41115,7.98393,3.28867,7.61777,8.25634,2.53459,1.92779,7.10171,5.4845,6.01754,4.47155,3.79312,4.12066,2.7246,7.12182,2.35676,9.74635,2.56526,8.13277},
{5.49647,2.01361,8.14889,5.85991,7.90651,2.09031,1.93963,4.61943,9.00144,6.35963,4.98804,4.32714,2.65011,1.03255,5.40256,2.35771,3.63179,6.91665,3.2837,7.5208},
{4.16084,3.01152,1.47569,6.31443,4.58056,2.927,2.64783,8.58218,7.93028,7.81335,5.01758,2.42413,6.97674,2.75482,9.92694,8.58994,3.35762,2.89932,7.58256,8.5187},
{6.01826,5.48901,5.58435,2.44494,9.67259,6.76351,6.33425,3.61227,9.28477,9.8781,9.3405,5.12885,3.91906,1.47112,1.55127,7.68507,9.57194,9.53518,5.53004,6.98535},
{5.72152,7.94059,1.63832,7.29797,1.28579,4.11994,9.72515,3.65165,4.50402,9.31834,4.78439,8.73585,2.26848,1.07326,8.17787,7.45904,1.8697,2.85857,2.33097,5.35968},
{9.56022,9.88218,3.20771,5.27865,3.44862,6.53637,4.18034,1.93625,9.05373,6.21261,3.00446,3.39637,7.37361,3.46219,3.8298,6.14587,9.34715,5.56764,2.5994,2.53547},
{7.26145,9.8211,6.59826,7.79092,7.69403,8.71472,5.66116,5.04546,4.41076,7.01591,8.96176,9.88243,8.90342,6.29535,3.02965,8.37904,1.85499,4.37204,7.02605,5.83191},
{4.6112,2.01331,8.82898,6.27628,1.09349,8.32948,6.80145,8.70962,9.16393,2.9825,8.81067,4.50495,4.34953,7.02831,4.99607,3.86092,9.00909,1.22921,9.87752,8.03087},
{8.56549,5.65883,2.64624,9.53267,4.3618,4.13849,6.24155,8.06417,8.28151,2.33857,7.38386,4.25325,9.20694,3.99669,9.8885,6.95398,2.42957,1.7511,3.39118,1.83258},
{1.2432,6.00248,5.95262,8.88087,6.31491,4.99852,7.79812,7.77447,4.82284,2.13834,6.59862,4.24328,8.95331,1.02789,8.30865,4.84622,7.43678,3.13971,8.8368,6.0669},
{3.99973,7.62884,5.28864,9.82349,5.96834,9.52653,7.37698,1.97305,3.01563,7.99094,7.17683,5.84621,8.96002,8.04309,4.45778,9.20363,7.88039,6.41859,9.70046,1.63135},
{7.58314,2.8708,5.12834,8.3581,2.1126,7.22495,9.96669,5.78921,2.36862,8.27117,6.34946,9.55988,2.08821,4.85709,5.18879,2.81172,3.36714,7.64468,5.36446,2.33038},
{5.49213,1.56272,8.93339,5.71047,1.18272,9.82514,9.93777,7.0853,1.19593,6.55826,6.85779,5.85345,2.08689,2.60534,2.65134,9.21266,1.21838,9.89438,4.78584,1.75873},
{2.49041,4.54048,2.73481,5.89181,8.38406,6.47963,2.83523,1.77299,1.93978,2.28514,5.28234,8.88576,5.44866,5.45026,2.25037,5.79072,9.638,1.02986,8.06651,9.58488},
{1.99542,9.59829,9.12405,8.22338,9.84536,6.48424,5.4343,5.23307,7.26461,2.47886,8.58979,9.08331,1.81617,6.27917,3.88388,3.96957,3.12521,3.1644,8.03356,8.25325},
{9.70107,6.6525,9.75355,1.52994,2.25691,4.70628,9.91278,8.11564,3.96609,1.52545,1.26139,5.78407,6.80189,7.52693,2.744,1.19964,4.05079,9.4474,5.28051,3.3714},
{3.99203,1.07209,1.95818,9.25175,3.74278,1.03968,8.45856,8.36484,9.71461,2.54192,5.17702,6.83394,3.53943,1.51679,5.94293,9.94311,8.37693,9.46087,5.40722,9.3109},
{1.48815,7.96133,1.38278,1.2396,6.3235,1.00753,5.16827,6.91074,5.81938,9.56217,6.61852,5.56429,3.67692,3.41956,6.59011,5.18245,9.65385,5.87882,2.59129,7.02346},
{8.15824,8.0705,3.71681,5.36298,1.92989,2.47725,2.51814,2.12421,4.72773,5.70495,9.60096,2.42616,2.79836,6.26759,7.37681,5.51367,8.79629,6.14903,1.84333,1.4778},
{8.85667,6.51551,4.03433,7.4347,5.76879,4.46216,6.18816,8.94585,6.21029,6.57766,1.88978,4.57459,2.49719,2.8426,1.85774,3.77505,5.53284,3.84298,3.66421,8.51772},
{6.12339,7.6608,1.99501,8.32746,6.28836,3.46661,5.49561,9.31565,3.46959,4.57322,4.29226,3.14375,6.46491,1.92215,5.78794,3.55896,8.83864,2.40418,7.50524,2.11276},
{3.03558,3.16068,2.02507,1.12035,7.96328,7.77124,5.04208,8.62028,2.94613,3.52792,7.55664,1.9907,2.4886,4.94809,9.79601,9.8186,6.69554,9.75936,1.00419,1.38182},
{1.21108,6.94182,8.87724,2.56447,9.18774,6.87092,6.56589,1.13287,3.2337,4.14734,6.79074,8.14001,7.44989,7.71183,2.19952,2.33347,6.05733,8.31868,3.66008,3.87487},
{6.035,7.14243,8.43281,3.6311,9.1889,5.21461,2.61151,6.12616,1.29868,6.30579,9.76274,6.37689,7.46376,7.98772,8.93215,1.51221,9.55543,7.95106,7.49746,6.03515},
{3.82604,7.19691,6.34833,1.35737,9.07877,3.96384,6.70151,3.82838,8.00531,1.53077,8.90463,6.70903,8.10447,7.39749,1.69345,8.46757,9.44615,8.05087,4.08649,9.00614},
{4.975,2.75574,2.79144,6.92979,8.03432,4.699,6.63908,3.84794,3.28926,2.34216,4.23445,4.02454,9.10109,6.52913,9.13773,7.4837,3.1105,8.7602,4.1215,3.31138},
{5.60181,4.63633,1.94132,3.91004,2.64394,2.64511,1.68924,6.12289,7.54605,1.11089,2.05058,4.72762,7.49641,3.67818,9.66914,8.80815,3.83279,5.67177,1.20755,7.16928},
{5.45668,2.59111,1.81757,7.14764,2.28703,6.10426,8.33808,2.94027,1.75486,5.56718,3.61408,1.92237,4.13539,2.09459,7.55311,6.47708,2.14234,7.55793,2.14949,8.65055},
{4.91491,4.81713,3.55932,8.88936,2.86802,3.36598,8.93453,8.92645,4.52955,3.63627,2.96503,9.40737,8.72517,6.58933,7.75782,3.95085,7.15795,7.20757,8.14707,4.58859},
{9.54684,7.15994,5.55093,6.97003,3.83447,1.19156,4.65121,2.37584,5.75881,1.25047,9.12532,2.11528,4.49508,1.13353,8.33041,6.13636,4.81169,9.25772,1.06126,9.46275},
{3.97847,8.86185,5.22628,2.75787,9.69249,8.42909,2.85355,6.87487,4.4859,8.05087,1.45132,5.98448,3.21755,2.54047,1.18292,8.74189,6.80067,9.46587,5.4487,8.33961},
{3.47698,3.29774,9.34288,2.5723,7.8367,7.43263,7.05696,4.77422,6.42621,7.17255,3.54422,9.07545,5.42658,5.18602,4.79639,7.39243,8.75593,7.72322,7.88967,1.9321},
{5.71851,1.75392,1.39713,7.08728,2.51355,2.11369,1.11324,3.62537,4.20794,1.03441,1.84301,9.26422,9.31172,2.01743,1.30408,4.25105,5.11943,3.68488,4.35258,2.41895},
{3.51663,1.97066,3.31994,5.58906,1.50953,1.64516,2.39366,1.3798,5.27466,7.82179,3.74686,3.39462,2.94995,6.29473,9.09457,6.92746,2.31402,4.66295,2.33736,8.17714},
{1.97431,8.59114,4.36977,9.8237,9.58135,7.8753,3.30978,3.85193,2.56488,4.86702,2.78432,3.67984,9.27643,5.91431,2.62226,9.77141,4.06924,7.65814,6.54598,4.51658},
{5.97616,3.24378,8.73135,3.19907,5.18666,4.74372,7.79337,2.07042,9.77577,3.69341,8.23519,4.69658,9.40831,8.2692,3.03485,1.40012,4.30873,4.64612,5.13396,2.26311},
{7.94779,5.00835,6.92091,1.29271,1.81518,6.30377,6.16844,4.67057,7.78408,8.92227,5.53327,4.34173,4.02067,6.02787,1.42922,2.47543,1.452,5.9766,5.18875,9.11948},
{1.57059,5.04798,6.50585,8.37489,4.49774,7.84214,6.72084,9.21778,8.70196,2.11743,1.01579,7.51177,2.12606,9.41905,5.22715,5.26869,4.38898,3.50571,7.59762,4.91233},
{7.10109,6.52792,3.84813,3.46285,3.86257,4.80029,5.58445,3.02682,1.24869,4.97563,3.40153,1.34707,7.14274,5.40788,2.48521,8.21308,9.71343,9.89576,6.88439,2.08332},
{6.64106,3.30005,5.28539,4.28386,2.9548,6.87992,4.3827,9.42425,9.30445,9.43364,6.77499,9.14818,9.75836,3.24892,5.09829,1.54693,8.43683,1.95533,1.58565,6.54321},
{7.55896,2.63604,7.17836,7.64036,4.77528,8.316,9.28328,7.64065,4.3784,5.62575,5.21097,2.95573,7.57846,8.7268,1.62031,4.19744,3.22127,5.06765,8.11088,7.24273},
{2.96425,2.86461,9.8207,7.44113,6.72708,4.64837,6.36421,2.36605,5.84137,1.98636,3.29931,5.83884,8.01695,2.00629,4.73241,9.50269,9.43447,9.18725,9.4788,6.8236},
{8.48988,8.06638,2.28795,7.39147,6.23371,3.11323,1.79136,7.98539,3.09422,4.35581,9.21738,2.79884,6.89603,9.78571,8.13239,3.63632,7.49978,9.12518,1.58023,3.65999},
{6.077,5.22529,9.40035,4.45193,9.20287,5.63686,8.12982,7.94173,2.11979,4.90189,7.92322,3.9867,2.30344,2.576,6.99547,6.83696,4.41515,4.6315,9.20926,6.62927},
{1.49818,4.53379,2.5808,2.62625,3.15016,4.0486,3.03775,9.01033,3.33352,9.95067,7.90074,5.85966,6.05221,4.41256,5.9787,6.05126,3.76193,6.53673,1.9671,8.68561},
{5.35119,9.6698,9.74081,4.24189,6.91639,8.77099,1.03924,9.58659,2.28011,5.33439,7.51838,4.93624,5.16353,9.36034,3.99767,8.32481,6.24893,9.8591,1.29875,9.44272},
{1.19098,4.44086,6.0348,4.42664,3.20045,4.6994,2.51567,1.31882,9.93869,2.65082,5.69265,9.18851,1.49483,1.62281,8.71931,3.73904,3.97369,8.47518,3.16339,8.73928},
{9.34511,7.82682,6.10589,5.57471,3.90278,8.19054,8.85052,3.48361,1.07962,4.69597,1.50783,1.10878,6.36848,1.68339,5.03079,8.9929,3.49552,8.62154,7.23147,3.08731},
{9.27468,1.69845,2.7651,9.34513,8.79724,6.86764,3.28315,7.58853,2.31853,2.20679,8.1696,4.70944,6.6785,3.07171,8.55391,4.79174,2.49063,5.21272,6.65066,6.0735},
{1.82359,1.74054,5.70424,1.42526,8.50206,9.70866,9.39789,7.82334,6.65563,7.01788,6.34125,9.82159,1.42073,9.8435,5.32741,8.30643,7.40602,9.82557,7.40923,2.12604},
{9.99304,4.89608,1.52445,7.51408,4.01776,7.84302,7.79213,9.42921,2.58811,5.12913,9.61058,7.7463,8.52853,7.68922,5.09098,3.05366,5.87703,8.84339,9.74383,5.64779},
{6.3822,9.65248,6.59905,9.36064,8.93733,7.64381,5.53736,8.29017,5.69675,3.04999,3.42197,8.44334,1.87836,3.77961,2.73263,7.67664,4.29266,4.52468,4.81292,1.58921},
{5.10048,9.14628,7.64728,9.99867,6.87728,8.05779,1.37856,9.99296,3.62654,2.79354,1.21026,8.89657,9.38843,5.31983,5.37463,1.49347,4.54857,8.85897,4.96877,6.53186},
{7.02593,3.58517,1.88087,6.97387,3.14675,8.56707,7.19088,8.51695,9.35452,3.72247,1.34605,6.7763,6.28833,2.49897,2.65315,7.31833,2.79254,7.46828,2.22411,9.87311},
{5.08079,1.98922,5.44533,4.46693,2.72015,4.48533,4.35398,7.27926,5.53533,3.80512,2.08272,8.2241,6.19581,3.3385,5.43941,2.18105,1.11181,5.41657,5.2554,8.55188},
{3.13946,3.7149,6.29192,5.87322,2.9836,9.32971,6.21951,1.13839,4.38011,5.19037,6.06921,8.25648,9.729,6.84794,6.30108,9.00711,9.34104,7.52074,4.03722,2.56069},
{9.80367,3.42247,8.60653,9.01651,4.61938,7.71394,8.61142,5.47875,4.39775,9.73473,9.1257,1.2575,2.87222,6.52413,2.36191,4.58052,5.13503,7.33454,9.66382,9.99195},
{3.57197,5.4021,7.57611,1.08549,8.69199,9.52757,2.5902,8.34287,3.69725,6.38302,5.75716,4.15968,3.99806,3.44423,9.36496,3.29846,9.79153,6.77983,8.40859,5.36738},
{4.44926,9.46838,8.87571,2.8637,3.90897,5.43042,8.75422,4.06092,6.45283,5.98113,5.71483,2.1363,4.11147,7.92971,5.52655,5.55915,3.70274,3.61669,6.2237,6.1045},
{7.18224,6.9899,2.16855,9.2484,6.20924,8.45951,6.17577,4.51506,7.12699,8.68482,7.74614,2.31163,2.07448,7.02289,1.46392,3.36548,7.69826,1.80722,3.74841,3.02801},
{2.55431,5.56991,2.89646,9.87048,1.08042,3.64181,5.38483,8.13159,6.29012,2.4901,8.11574,1.71385,4.18675,9.77766,3.3945,5.68647,9.15442,7.56921,6.92596,5.21398},
{4.13154,4.07799,8.97067,6.75485,2.03394,6.24115,9.30343,5.24842,7.66599,3.37891,3.48389,5.11899,4.65186,4.03146,1.76021,6.34012,1.17763,4.98229,3.79139,8.54374},
{2.44871,5.38895,9.57253,2.87408,2.9566,3.54586,9.05126,9.0642,8.19226,5.45089,6.27232,5.01315,6.70821,9.06665,7.87168,5.98212,6.0449,6.47587,1.77838,8.6813},
{1.49383,9.66196,3.23688,1.76824,9.74893,4.70335,6.12268,6.8223,2.58422,7.31575,7.78241,5.79855,2.29976,5.26853,7.98464,5.60906,3.39198,7.99852,1.9098,8.51813},
{9.28514,5.83898,1.90319,6.36509,4.113,6.52352,2.62509,3.27453,5.91919,1.6605,6.18785,5.13023,9.6994,4.8326,2.90132,6.49707,6.37266,7.82431,9.93462,1.35683},
{8.71634,9.71466,6.01556,3.67632,5.62991,2.95039,8.45392,7.75175,2.89399,1.92221,1.38423,3.62096,3.99625,2.88644,9.89558,9.2534,4.9846,5.86468,2.82719,1.57292},
{2.08749,7.47504,3.05614,4.47799,4.4986,7.58514,3.57629,9.70821,2.1758,9.02524,3.48801,1.14202,6.44698,1.77198,5.18329,5.54176,3.61042,3.05944,5.37727,4.79705},
{1.99211,5.18724,3.29742,6.66298,5.37332,2.19386,2.04316,8.1237,9.27283,1.80482,9.57191,2.39575,2.4195,8.17688,9.50297,1.77407,5.36796,1.44319,6.65305,6.02638},
{9.6553,2.88542,4.00639,6.92846,7.86676,8.34746,9.95166,6.22645,5.89499,4.17694,5.63614,8.49102,5.8106,4.31294,6.62407,7.44228,5.46078,2.77995,5.99522,9.38133},
{5.71306,3.14717,5.40017,4.95854,6.66986,2.06437,4.45035,9.49296,8.39008,2.02189,8.50893,3.45628,2.11865,4.43264,4.24964,8.02501,8.32581,9.39287,4.24797,9.60056},
{5.09705,3.18032,3.40886,6.70888,3.27873,7.53012,8.2125,5.7317,3.58657,9.56943,5.35643,9.31051,7.23376,8.21545,3.03753,2.48355,9.52075,7.68199,1.63893,4.2604},
{6.09932,7.35517,1.89985,3.56939,8.28102,4.73007,2.35859,8.84599,8.84624,9.92074,5.97206,3.85973,9.14541,9.69188,1.40087,1.35959,4.7418,4.09192,4.65866,8.25413},
{2.50714,1.10008,4.13834,5.02192,4.06598,6.94538,3.36119,7.96393,4.88572,5.15227,2.08843,4.75468,8.84965,8.1021,8.97329,1.04107,7.58149,4.90342,6.68032,9.42521},
{5.83789,3.6096,8.59541,2.62489,3.16631,6.11302,5.93036,8.98615,8.75798,2.82788,2.30627,6.15881,2.04699,1.88812,1.4366,9.316,6.9211,6.99885,5.40767,8.84833},
{2.84265,6.72,7.36942,4.19879,1.42955,3.02616,8.87858,5.8066,2.04576,3.93023,8.97059,8.91914,7.30553,8.83121,7.66378,2.95631,6.51126,9.0548,3.47814,8.99086},
{8.40106,7.53918,6.57486,3.26396,5.41086,4.95675,4.66425,2.21847,5.43442,3.03189,3.00027,2.72683,7.02616,3.81449,7.75339,5.88392,9.07558,2.0344,4.52383,4.11748},
{6.31566,3.76117,5.14451,3.69432,9.02987,3.40386,9.29819,1.70291,7.97426,6.16616,9.58836,6.94374,3.65296,9.11042,9.42527,6.51823,5.58153,1.77271,5.39623,3.30529},
{1.17952,5.23846,2.11911,2.29584,3.82556,4.12954,4.90358,4.61003,1.10583,8.64254,4.9382,9.06775,2.96031,9.27213,2.69192,9.45048,1.45066,1.27695,2.87358,3.72113},
{4.24063,2.17502,9.00112,9.84843,2.15348,9.38978,5.70011,1.36294,8.90883,8.81863,1.84494,4.04012,3.32089,3.02622,2.51328,2.87404,4.7991,5.22738,6.91759,7.86416},
{2.11715,2.97133,8.55323,7.59729,5.13128,3.78283,6.1223,7.00793,3.92642,6.55289,9.85782,9.76238,1.93964,3.47668,5.1562,7.24875,5.85342,4.9416,9.2026,2.32966},
{2.76538,1.48115,3.38086,1.16993,5.14104,8.6401,2.57822,9.61455,5.02909,1.1411,2.04606,7.24696,3.72368,9.66673,5.14113,8.2344,8.0898,4.41925,4.11727,1.94554},
{1.71897,9.96288,3.25451,8.08992,5.07657,9.52087,4.65492,8.3365,5.62675,8.22843,4.07897,9.41836,6.8788,6.61906,1.52553,1.44231,6.79013,3.73752,4.19375,3.10982},
{8.70253,6.33747,7.72785,4.71949,6.5172,2.00914,9.95346,1.99911,1.3829,4.92766,3.01066,3.59103,9.01999,5.50499,4.72679,2.95514,2.94396,9.19042,5.29243,8.22228},
{4.56521,7.8074,4.9189,9.36656,6.00369,9.5419,6.79909,5.23636,3.51649,1.99774,6.7874,7.29555,3.0364,3.08297,3.10497,6.8293,3.08708,8.40308,3.59398,8.6099},
{8.43461,6.56478,9.43267,9.61727,8.44764,2.48236,8.22015,6.74654,8.31224,4.0255,2.9044,5.3834,4.26736,4.24277,9.6478,5.27637,1.24344,8.02112,6.86409,7.96986},
{3.74953,3.56879,6.21375,4.17214,4.55036,7.98593,8.74853,6.77723,7.26252,9.20724,6.89577,2.10661,5.32515,5.45361,3.97131,2.47571,3.92025,9.48167,7.79699,2.65304},
{6.32208,7.78969,4.9278,4.26412,9.21554,1.75907,8.45461,3.62436,3.00217,5.03092,8.5119,7.74316,8.23969,7.73574,5.47718,6.48412,4.99484,5.21243,6.16963,6.165},
{1.93814,9.91275,4.1184,5.95587,2.8321,7.64194,7.85577,9.33156,8.9455,7.07609,3.70122,2.74401,9.92712,9.80628,5.85663,1.0165,7.12201,2.50445,7.09963,6.07797},
{5.97818,4.4604,1.92496,7.31361,9.22894,7.90485,8.75409,7.90632,4.46347,8.14674,6.74261,1.05533,4.28375,1.5886,3.83985,1.69485,4.86457,2.36133,2.95836,5.53492},
{1.81898,2.02222,9.58743,9.85674,7.16731,4.29362,5.21046,5.56004,8.28337,5.54767,8.41079,8.14829,8.97069,4.81175,9.0974,4.3709,2.19367,9.28099,6.32507,8.05726},
{3.03596,2.25473,4.43323,9.43457,9.77772,4.79007,2.51074,8.75729,8.02269,4.67151,5.49951,3.93522,6.35443,4.48943,8.89285,8.35455,4.88944,8.47571,4.06462,8.33302},
{9.36458,8.97914,6.84929,9.4555,7.6507,7.2746,2.76292,7.11297,1.7508,7.45334,2.20237,8.78935,6.14126,5.543,7.93934,5.75355,1.88795,6.2992,8.95699,8.5098},
{9.02384,3.53764,6.54394,7.52792,1.15448,2.83328,4.83184,6.4802,1.70473,8.7008,3.78456,1.23469,4.13871,4.7228,5.18333,3.6575,6.12046,4.03562,2.46713,5.25478},
{3.40325,5.52697,6.59284,4.44998,6.62216,1.84158,9.29054,3.49477,7.42031,6.13281,9.43797,2.05213,3.25829,3.65485,1.86485,1.06621,2.94523,4.07777,8.73225,1.97279},
{8.34908,6.49085,9.36032,6.20775,9.06268,1.19247,9.78609,1.28024,9.97993,9.43855,6.36694,3.73059,9.76573,6.3757,8.36955,6.1389,2.44045,8.34577,2.27392,5.55174},
{2.86401,3.19147,9.13118,8.15487,7.82811,2.53029,8.1614,4.68427,9.77317,8.74886,9.76049,1.49243,8.91824,4.74196,4.55171,6.05582,8.53946,2.33483,7.54879,4.7822},
{1.19498,8.07862,3.9443,1.45138,6.69653,4.23287,1.22087,3.23467,3.82115,3.78014,3.989,6.77128,2.32619,3.48161,7.73796,8.54573,8.84502,4.93602,8.06231,1.12428},
{7.2029,7.3349,9.11386,3.82059,8.49621,4.3519,6.28724,1.42816,6.81217,1.29282,3.98619,2.11417,9.80921,2.17089,4.4081,4.21117,9.903,9.95774,7.42744,4.34512},
{6.95186,5.6263,7.68579,1.90315,4.03266,7.68312,6.18543,4.65354,7.48944,7.06665,9.65051,4.99952,7.26513,9.15787,8.14707,1.0999,4.4895,1.88942,7.28819,3.33498},
{8.89384,9.81509,7.1399,8.84818,2.83788,8.53986,5.7644,3.49803,6.09848,2.2847,5.09966,5.45014,4.02887,1.78936,6.80775,6.01803,7.41879,4.76282,6.5055,9.84896},
{2.56388,2.00521,7.35318,8.3548,1.12774,2.22193,5.26138,1.32668,7.41315,6.39857,4.11483,3.83316,7.56715,1.26102,9.47684,2.61848,8.10907,6.16998,9.75386,3.24562},
{6.79407,2.72648,2.74098,1.46891,2.51591,1.50616,2.36607,2.42499,9.71518,5.52849,9.28547,9.48557,5.88965,2.07353,1.21148,1.67101,3.72518,3.78786,5.28459,1.24359},
{1.47033,2.53307,9.87293,3.21561,3.62503,2.3804,6.2994,1.94495,6.03958,7.41857,3.77625,7.64206,6.15506,5.21613,5.60011,1.76921,7.54357,1.81275,1.64259,7.91807},
{4.99794,6.16139,9.84735,5.39748,1.94618,9.11923,4.2473,6.9814,8.65963,3.1693,6.5912,1.74498,9.44506,7.45248,8.27078,1.08554,1.51104,7.34083,7.87013,6.54957},
{1.53115,5.0616,3.16372,3.11375,8.88255,9.85923,4.24645,7.72356,9.90157,1.09418,9.07677,1.66709,5.01,3.99108,6.50317,7.24339,9.1802,6.51821,7.58645,2.17102},
{1.48773,3.82024,8.6928,2.34116,1.49248,8.62162,1.85771,8.37007,1.48204,2.03258,5.78517,6.01964,1.99462,3.53804,5.06521,2.30145,4.90479,4.96595,3.75431,8.58554},
{4.96439,6.84009,3.20274,8.99485,8.84393,7.76662,4.45686,7.93681,3.35503,2.60878,9.00015,7.36501,3.72774,7.65528,7.43431,8.2318,5.56457,5.58312,3.23697,8.89787},
{3.63607,1.21381,7.35006,5.49723,8.37623,1.77106,6.74993,7.32604,6.67013,2.97204,4.03346,6.31325,4.66866,4.2839,2.21128,3.76445,3.75236,7.04731,8.07465,7.35251},
{6.12716,1.29848,1.46981,9.0103,5.38325,6.41938,2.77847,6.05415,1.15307,3.42448,5.57132,9.04026,3.44965,1.37833,2.03968,5.38514,8.93085,2.04523,5.49232,5.89854},
{9.3796,8.63651,4.89186,7.12496,1.30582,9.37975,3.30454,4.04129,2.8826,2.33021,5.83698,8.70836,3.60823,8.57148,4.67726,3.85322,6.81706,1.32961,8.79188,5.88175},
{6.60696,3.808,1.34798,4.53347,5.89465,8.99702,4.73599,5.45685,1.11883,2.33955,7.8635,1.62044,1.21833,8.35496,8.47305,1.25076,9.67243,1.19013,4.08802,7.55589},
{4.03305,2.44002,4.95288,3.29598,9.00025,7.33303,2.92608,8.98878,8.15254,6.30007,3.68302,8.23041,2.10104,4.72161,2.0798,3.32974,8.89768,9.59047,7.5712,7.08269},
{8.19073,5.96223,7.33133,8.35719,2.90581,1.47378,6.22416,8.39066,6.55385,4.075,8.27971,7.66888,1.20978,8.54524,9.61434,7.03873,9.95137,1.23236,9.95375,4.83743},
{8.48824,7.42121,5.72431,1.84233,5.08218,8.19525,2.69147,4.04967,9.82765,9.90585,8.11525,1.10772,8.36883,4.29513,8.2423,6.85736,2.36919,3.36668,2.00893,9.5109},
{5.43588,2.83763,7.81679,7.97475,7.82782,2.30041,6.77773,7.1841,1.6695,8.57183,2.81912,1.40872,2.21591,3.46778,7.36916,6.78316,2.3132,1.12379,1.03658,3.17928},
{9.88975,8.32726,9.30844,1.98569,6.0424,4.32797,4.16447,7.44308,4.36267,4.05325,9.25938,4.97582,4.01562,9.37599,3.18119,2.07012,5.67777,2.6199,4.35288,1.05718},
{7.45953,3.16987,9.2897,9.65707,9.99934,3.419,7.49505,7.68602,2.48558,5.18953,1.61763,4.66484,4.88834,6.02549,9.0617,4.40112,9.12836,7.77765,9.67619,9.70375},
{5.19575,7.54274,7.62395,1.78687,2.47927,4.68035,9.57859,6.89547,9.9829,1.34754,3.10003,5.79982,6.20397,1.40435,8.82169,9.47225,1.9965,9.24903,3.64453,7.46412},
{8.84645,8.52892,3.3522,4.25653,6.6347,4.91698,9.26153,6.32093,9.54915,6.98269,3.39099,3.5184,8.674,1.81504,9.86344,6.39802,3.78667,1.45641,9.33889,6.14535},
{2.86789,2.96096,7.38348,1.3519,3.83055,7.7899,7.16409,7.89558,2.11958,3.63115,8.70368,4.78153,2.73882,3.37476,6.34462,6.83396,7.72897,1.33809,5.26049,2.05046},
{8.1538,1.14895,3.47552,9.42539,2.48823,1.47724,7.85333,4.68917,1.21976,4.01854,7.82924,2.22724,3.80746,1.73564,1.45546,5.67423,4.10677,8.17246,6.47634,1.40891},
{2.54931,8.63628,7.68699,6.16403,5.51435,4.62312,9.6556,3.39495,6.11507,3.45305,9.03368,4.03701,4.76867,4.18603,3.30709,6.17876,4.54761,3.10879,5.82023,8.5326},
{7.0308,2.93624,3.95033,3.70315,3.83442,9.94205,5.37011,8.83684,2.46556,3.34676,4.32702,2.4415,3.39285,8.73986,6.13664,5.69524,3.39523,7.16364,6.10619,2.29325},
{8.52982,8.17775,9.7836,1.03913,2.22533,5.87386,8.72801,2.45031,2.00006,8.83784,3.20446,8.76719,7.30236,8.28381,7.76623,2.81684,2.68147,8.22045,3.2995,9.16169},
{9.05431,7.62835,2.78143,9.94245,4.78025,5.3249,9.5353,7.36258,3.29422,4.93322,7.93685,3.12568,9.61648,5.92085,6.55626,4.16814,8.84728,4.0313,8.87821,3.02893},
{6.76709,8.27029,9.97885,2.62164,6.07837,4.85533,6.38525,3.78149,1.72572,2.95793,1.08403,2.93383,2.41849,5.45174,3.49459,5.80773,5.20763,4.95345,9.5781,4.50859},
{4.7803,8.34307,9.3688,4.57374,8.13839,1.31369,3.32472,5.65474,1.00432,9.14912,1.8739,9.5271,5.37467,1.49968,2.74986,6.05198,2.89866,9.65809,4.78102,4.04623},
{6.33177,7.05521,4.22301,1.40816,5.99209,1.19525,7.91411,6.37433,5.22095,6.38396,5.96986,4.89165,4.42365,4.73407,2.4574,9.10946,6.13839,3.53856,4.33405,1.17347}};

static const Matrix restrictions_aux = Matrix(restr_rep);

static const Matrix restrictions = restrictions_aux.transpose();

static const std::vector<float> costs = {250.071,430.893,51.8165,634.409,933.673,111.289,317.034,126.451,322.381,276.342,600.951,301.972,624.75,1.80199,429.257,259.465,492.119,232.697,902.034,638.191,914.925,778.898,248.405,220.844,794.272,148.596,825.313,339.366,185.731,601.569,199.778,169.764,32.1055,294.405,884.263,492.061,384.414,675.395,466.413,751.759,670.847,971.795,25.599,186.326,585.395,86.5575,148.155,627.34,722.726,612.846,537.231,212.023,476.086,168.046,236.749,126.741,831.678,717.051,231.937,762.621,963.603,653.599,485.257,460.257,587.452,460.122,194.437,692.647,443.074,562.533,563.373,323.796,895.205,417.49,969.722,388.597,990.236,160.797,90.0196,290.516,498.958,289.681,65.9757,156.217,232.266,819.305,442.813,581.285,478.968,613.604,910.928,932.389,230.973,645.707,887.355,276.854,668.046,480.072,651.621,90.4761,369.928,931.739,459.54,117.248,820.236,535.978,866.582,149.791,527.426,611.571,386.469,652.071,470.661,464.106,892.481,571.025,63.0512,375.41,659.129,971.097,700.189,422.155,657.819,977.894,499.013,133.452,592.301,214.671,817.181,708.533,971.421,928.287,101.499,325.363,375.289,575.026,849.493,392.673,265.692,44.6947,957.8,957.141,982.127,475.431,774.95,365.514,670.291,949.314,290.848,752.554,582.911,92.6998,859.059,964.179,824.062,823.954,865.5,954.103,659.094,708.662,673.571,660.05,609.367,304.547,523.438,48.1345,27.5913,403.866,453.985,458.245,291.576,12.1152,508.43,375.142,87.7704,435.815,649.224,204.788,153.763,744.148,657.412,282.195,148.759,385.878,979.995,129.867,979.61,234.055,637.612,32.9819,239.741,195.881,551.392,775.329,98.4885,796.11,745.991,880.852,948.422,502.635};


static const std::vector<float> min_impressions = {156.022,146.511,34.2269,54.6601,192.662,163.558,89.1666,20.4337,76.8002,28.6249,35.065,141.051,126.481,35.9138,101.713,139.764,170.77,147.873,165.231,134.57};


#endif
