#ifndef PROBLEM_H
#define PROBLEM_H
#include <iostream>
#include <vector>

#include "matrix.hpp"

#define APO

static const int media = 200;
static const int segments = 20;

static const std::vector< std::vector<float> > restr_rep {{5.60995,6.92442,7.00223,1.86629,5.85938,6.38585,9.34693,1.93694,6.74529,1.71575,6.63519,1.86009,9.56889,6.82979,3.02653,7.53758,6.78329,4.00703,1.35169,8.14121},
{6.00273,2.91425,6.62538,6.79371,8.12415,4.68167,2.13308,4.22064,5.43324,6.74644,6.74922,7.26587,7.54489,6.75786,9.92395,3.67857,2.47456,8.58124,4.88383,6.25778},
{5.96267,3.5943,3.53118,1.04947,6.42011,3.88909,1.22513,6.63773,1.04967,8.57686,3.50018,3.7541,2.93369,9.06653,1.63933,2.82694,4.11442,7.16346,9.29586,3.79782},
{7.00786,4.6219,1.34995,2.06561,3.28723,4.84665,8.82307,5.70632,1.46553,5.1742,5.38613,1.94587,5.59104,5.1311,2.36155,5.45961,6.76668,7.94532,8.07282,3.16259},
{2.26389,1.22162,3.85265,6.21737,4.09,1.05689,9.3939,9.23636,2.48326,2.0955,6.12044,1.90024,1.81733,9.82471,9.863,6.89102,5.73462,3.93427,3.46052,2.33669},
{9.56659,1.72004,4.49577,5.97241,4.53193,4.05892,2.66144,8.82057,4.46572,2.63047,5.85231,4.1126,8.08537,7.53085,9.14539,5.97754,3.92295,5.74771,6.13492,8.09617},
{6.52474,5.77496,1.04487,1.12266,7.72386,5.02382,7.29538,9.38302,2.98619,1.33305,7.24399,7.07151,2.47179,5.19825,9.58428,6.47439,4.53718,9.71921,5.04276,6.74587},
{4.91438,9.98059,7.25046,8.25529,6.28117,4.38443,6.22982,2.92175,1.68812,9.18886,8.82933,4.37361,7.98215,8.69336,4.46712,4.37607,7.72617,2.91075,3.2629,8.77233},
{2.18224,4.4773,2.59999,2.80858,7.28409,6.59513,4.0474,9.05783,9.93449,5.97522,5.37537,3.96634,9.86914,5.76512,1.33832,3.51082,2.47616,1.16402,1.57514,5.14404},
{1.43174,3.75074,8.47041,3.15576,6.9082,2.6043,2.13692,2.28643,3.39814,6.78234,6.83612,6.96441,5.32401,7.42977,7.32371,7.44254,1.5934,7.56904,1.08187,5.5126},
{7.39254,2.39945,6.62851,6.13269,3.78831,9.80014,3.36994,6.04482,4.9899,4.87042,6.81607,7.5622,1.39117,7.83559,9.17106,4.71412,5.12937,1.20014,5.43303,3.51589},
{2.84838,6.11976,1.81894,8.52082,4.51593,6.63908,2.64975,6.44301,2.61628,1.16955,5.40442,4.48475,2.12866,3.36822,1.73416,3.63105,4.61155,8.54932,5.94814,9.07562},
{5.98934,7.44386,4.97882,4.46988,2.76049,2.15933,6.55628,9.02916,7.13744,6.33707,4.11568,5.24624,3.30361,5.74021,6.10771,6.60892,7.28076,6.72454,4.68438,4.36264},
{5.6043,8.45505,8.79306,6.89777,3.41566,1.02826,8.2387,7.2056,4.34338,5.01481,3.52784,8.29533,8.54513,6.77238,6.80708,7.06948,9.85482,9.96521,4.57209,1.6141},
{6.43297,2.22269,2.19748,7.7191,2.91274,8.95401,1.5867,7.6979,3.40976,2.27652,2.92271,8.89636,9.42613,1.65162,2.88058,1.09266,8.66306,5.87756,5.74284,2.46821},
{9.67713,1.91205,8.53776,8.98877,5.98177,9.01642,4.06424,9.98168,1.62503,1.01111,3.76001,7.68154,7.37665,9.81735,6.21959,1.26168,6.47759,2.41606,4.69484,5.62824},
{8.28121,6.96761,2.61631,8.63113,6.71541,9.82766,3.5417,5.46156,6.96971,5.88848,3.53023,8.72724,4.44463,6.92729,3.52353,8.85641,3.60344,6.54328,2.0076,4.95916},
{8.14861,3.57122,9.5608,8.72826,4.73612,3.24793,6.33409,3.11674,9.7563,1.53447,4.48325,9.78635,9.1926,7.14118,6.53336,7.00433,2.24136,1.23693,3.08291,2.13239},
{2.08525,1.21799,5.03459,8.32305,9.09158,7.02486,9.34026,6.71603,5.1401,2.5476,8.90676,6.30725,8.4957,6.55181,2.42552,3.31753,3.99276,5.40524,7.52057,5.39723},
{7.46303,9.09462,4.54933,5.66786,5.69792,9.44934,1.79727,3.29989,4.80541,6.58135,4.98611,7.26689,4.04746,4.99632,4.04685,2.79386,3.49162,5.4013,4.30538,7.76161},
{4.386,9.81798,2.01218,3.85351,5.19566,5.48683,1.06216,1.84269,8.25059,8.18997,5.19511,8.85049,4.43426,6.66694,3.96997,7.80306,5.18687,2.6416,8.57644,6.74973},
{6.27411,2.02556,6.28262,9.50456,9.42835,4.74485,6.29946,5.13801,7.66478,3.09409,3.31259,7.18697,3.85629,3.69336,8.55796,5.41541,6.8084,1.73127,6.42815,8.40185},
{9.26902,5.44053,2.1954,8.2813,8.63669,9.70179,1.66086,6.74486,8.28127,4.84459,3.32901,6.01893,7.61957,5.84222,4.495,6.87526,8.2722,2.29377,3.21619,9.61141},
{4.15479,5.4365,8.00897,5.55536,7.56449,4.04581,9.44231,3.54359,7.04,4.11435,1.31738,7.28641,9.69435,8.70888,4.03363,2.7146,6.4659,8.33984,4.67013,4.07163},
{9.97871,5.97296,7.46677,6.26533,6.04298,1.56131,4.33985,1.28986,7.79884,3.3771,2.88542,2.51561,7.38504,6.59514,5.29302,4.35449,1.70437,2.93289,2.50569,9.68483},
{2.92211,6.66842,6.4895,5.92065,2.27038,9.01131,5.66777,9.16783,4.81826,5.13083,9.30634,3.01403,2.15926,9.2085,6.77824,4.87676,3.02564,3.41625,7.93672,7.90155},
{7.56266,3.57833,7.92255,7.3591,2.08971,7.69276,3.84236,6.28198,5.60275,4.08869,6.05154,4.72827,3.49927,4.18349,6.27155,2.96428,5.77684,1.23711,7.37799,8.83736},
{7.23968,2.26407,1.55517,7.54781,1.4362,7.1338,9.59045,2.26646,6.9826,3.00067,5.93948,1.58536,9.88342,1.64681,4.11489,5.70491,7.92252,2.68868,2.74885,4.95068},
{6.45052,7.85635,7.361,8.44622,8.39709,9.30332,6.9125,2.02413,8.58794,1.69765,2.44912,2.94303,3.8571,6.69666,5.59635,5.15557,6.30165,5.39329,6.53843,3.82674},
{6.21432,8.57949,8.53334,9.16874,5.49623,1.50019,4.47094,9.12258,2.26441,2.08265,4.56539,8.93679,6.53215,5.08699,8.43774,8.20366,1.84163,4.13273,6.79303,3.94171},
{8.51615,3.58989,7.67508,1.49992,3.097,7.848,1.8742,4.21305,5.05618,8.17739,8.45443,8.46725,4.19012,7.00313,7.6049,3.98905,3.59272,7.26778,3.86882,1.00464},
{3.83916,8.06024,7.93804,6.32437,3.03677,2.76306,6.12749,2.65009,9.34864,4.94257,7.81604,4.17589,4.97261,2.98256,4.69777,6.47258,1.26061,7.62203,9.06457,8.32043},
{8.17291,9.1063,6.17385,5.83028,3.53646,3.22369,1.46751,9.26562,2.51558,6.72095,1.9536,5.43577,6.52826,2.26684,5.56675,3.67748,6.67705,9.73334,8.37936,1.67681},
{4.68936,5.47305,3.02518,7.00876,1.26968,2.97486,5.11874,8.38785,8.16037,9.46917,1.8418,1.83258,4.4513,2.82553,4.13561,3.92515,4.66974,6.42308,1.12016,5.04604},
{7.57052,7.50475,1.05678,3.01871,5.8519,2.11348,1.69255,8.13472,7.49188,6.10111,8.65634,4.42954,7.30409,9.65605,9.90693,8.3903,1.48891,9.70173,4.58634,3.34117},
{4.1561,6.66622,9.56884,9.81167,8.55875,3.7651,5.23376,6.32125,9.41335,1.41683,2.91932,8.56659,7.02466,6.66323,5.1368,7.43075,7.67335,7.50408,2.89803,5.63474},
{4.86785,6.20386,7.63945,8.59382,1.20445,4.37265,2.49219,5.6787,6.8923,5.03998,7.74453,3.62086,8.62893,4.36017,9.06868,5.23001,2.77237,2.33205,8.87769,7.90228},
{3.23124,8.09384,8.99275,5.18453,4.37209,3.20903,4.8659,6.96587,9.31079,4.61196,9.72003,5.17825,6.60645,6.5235,7.19634,9.83519,3.97631,8.6649,6.90794,2.38875},
{8.40541,9.65443,7.25504,8.78088,1.50087,3.86493,1.62774,1.18262,2.14736,1.07278,3.23278,9.1381,2.23346,1.22278,4.23354,2.76454,8.42034,6.17866,8.6921,9.86251},
{5.42692,4.80444,5.35706,2.37015,5.58621,2.35353,7.25461,8.6095,2.46774,8.19202,8.56631,4.76387,9.56336,3.02432,5.81245,5.49932,1.95812,8.41841,2.31144,1.63241},
{9.4523,6.9729,9.81415,2.4311,8.86855,9.48524,8.17692,8.37472,6.8111,1.14838,1.63244,6.60485,7.15863,9.01647,6.17616,7.38241,1.68219,4.55377,3.72912,4.52601},
{5.63927,1.43466,5.24676,8.41799,1.77599,2.58293,8.2595,4.10082,3.06062,5.07556,7.08511,7.65715,1.06029,7.48348,5.3504,7.85263,3.19779,5.46214,9.72916,3.85956},
{3.1582,9.16664,1.79569,4.60164,6.81976,9.81257,1.71356,6.83144,1.34772,6.07637,2.18088,5.77289,2.06249,7.73104,7.1891,8.79267,2.05281,9.08328,2.04886,9.56604},
{1.27656,5.67453,9.67985,2.79935,9.25071,9.85705,1.80078,3.91877,6.39967,8.19188,1.5677,1.08085,1.70668,4.71851,9.0982,5.2356,1.73665,9.37584,3.86419,8.8785},
{1.84913,5.49771,7.109,5.84875,4.35854,5.14129,4.62981,5.72003,2.61987,9.92057,9.21658,6.36571,2.97664,7.28029,8.43619,1.07881,5.08165,2.73788,8.38161,4.55517},
{5.62209,3.34572,5.05086,4.78105,9.28155,5.66187,3.52261,7.94082,4.99147,1.1526,3.92434,2.91115,1.69912,6.96337,1.61447,7.08507,7.42824,6.39494,3.75053,7.17209},
{1.37993,4.15767,6.31077,2.09655,2.18275,2.12657,8.19676,8.32049,2.34331,6.38084,8.42822,2.51416,4.39954,8.28227,7.69533,8.9741,8.49637,5.90615,9.87356,9.56657},
{4.88335,3.87833,8.13558,7.62953,8.37405,3.6618,9.13248,4.54753,7.7841,7.81342,8.26314,5.01745,1.34924,9.05625,5.98514,6.96774,8.16505,7.61691,3.28799,4.10284},
{9.06844,7.72148,6.11922,6.3567,3.01654,1.97525,9.70449,7.66426,8.95057,4.86911,4.62946,1.32842,2.3802,5.56956,9.58117,7.60019,9.10965,6.46421,7.4213,8.20355},
{9.10472,3.34208,7.12832,7.84288,3.14909,4.95241,5.91643,5.69193,5.68327,4.40388,2.3884,7.82822,2.48439,4.69465,6.11831,2.31441,7.75837,8.79896,1.07852,6.52901},
{2.54074,9.00503,9.13594,4.27324,4.43065,5.37518,7.17309,5.95307,6.47596,4.99316,8.20449,7.59456,5.18439,5.74027,3.20648,6.39877,7.50946,9.04479,6.68289,5.65225},
{1.40576,8.1693,9.86261,4.72196,5.92703,6.85098,5.10003,5.95303,4.13737,8.32257,8.66297,9.24738,4.6378,1.96662,9.50371,2.00242,3.67103,7.23565,5.69567,3.87087},
{6.50667,3.62885,5.87564,2.51062,2.82701,3.17178,4.5227,6.22605,7.34929,4.25217,2.73805,3.43942,1.05471,8.30263,9.38601,7.82646,1.98301,8.88059,9.49013,4.73431},
{9.97551,8.72537,8.27695,7.0935,7.05043,6.16487,3.56353,5.53926,2.34525,5.41171,6.46206,8.88143,7.21509,6.86266,9.25,8.32595,4.87562,7.77382,1.62253,4.87035},
{4.26557,5.47095,3.48856,5.85443,3.69542,1.45068,6.56726,7.43942,7.14882,8.46912,9.65327,8.56047,5.99408,2.48828,2.38778,7.40508,2.9308,6.23089,1.97167,7.15243},
{6.30276,3.45661,8.36626,5.95663,2.2452,6.19911,5.30841,8.45212,8.1739,8.28345,4.71926,8.29056,3.76811,1.57608,4.55037,5.73125,3.3566,3.8431,6.37386,5.31003},
{9.50278,9.14553,6.50976,7.5117,5.04094,9.91406,9.27643,5.57233,6.29617,9.65979,3.05962,4.63382,3.49372,1.3133,5.41252,7.0004,9.82791,5.40436,9.13141,9.59889},
{9.29912,5.4309,1.22006,8.9028,4.2603,2.29774,9.15229,2.88036,5.77141,3.45409,1.80195,2.12684,1.38596,3.30748,3.78535,7.90374,3.36779,9.41074,6.55561,5.94549},
{5.68888,8.6378,3.52496,3.6129,8.34093,8.24678,3.99213,6.70592,8.66228,1.63689,1.98515,2.87547,9.39927,3.00141,6.52254,9.73122,6.45329,8.77659,6.51814,7.12803},
{2.73379,9.39644,7.54535,5.59569,1.11068,4.96873,3.28427,4.96134,6.14593,8.33542,9.43762,1.5483,1.75618,8.97642,8.90217,6.33066,2.54181,8.00731,6.40614,3.27366},
{9.3496,6.05022,3.39594,2.23214,3.37641,1.03081,5.3098,9.97019,9.23177,8.39558,1.98194,1.83111,4.33444,9.54659,2.11597,4.48906,9.87521,9.73244,8.81863,6.86846},
{6.98814,9.28184,5.39436,2.20796,2.72403,8.71538,6.12262,2.96781,7.12337,5.22716,6.0476,2.17979,1.4292,1.40413,7.18333,4.74625,8.25509,9.13132,7.52827,3.64419},
{4.12772,9.01514,9.57477,3.41508,2.11714,7.23763,5.52446,8.04811,8.8261,5.99536,8.5839,3.16177,5.8575,8.98749,9.503,7.40279,4.6567,4.26588,6.91495,2.20702},
{9.23546,3.88527,4.15301,4.05027,6.50549,2.96756,1.04924,5.39629,2.73645,1.01265,6.35321,4.13649,6.43449,6.41102,4.62834,1.15233,6.00535,8.59478,8.78596,9.48386},
{1.64548,6.46435,5.91284,1.51441,6.86922,9.99977,1.52844,3.73408,2.74441,2.39681,7.55552,4.27831,6.08002,6.63212,4.95759,5.52566,6.37547,6.46205,7.28594,1.98023},
{8.64971,5.38758,7.04319,5.93174,5.45229,1.84375,5.17022,6.50759,9.69023,8.32715,7.54782,3.84939,7.83354,1.17139,1.41419,2.92992,7.1638,8.08414,3.27795,7.63328},
{2.1052,7.90069,2.24684,5.72618,7.10045,2.34204,9.14038,5.07188,4.48086,8.017,1.99146,4.87203,4.14632,8.22899,3.1227,8.7997,5.47299,5.23918,9.32552,3.75258},
{1.37367,3.12922,1.63564,2.1947,5.41308,3.7204,6.97566,5.26892,4.13387,1.51183,7.78582,3.40119,6.28857,5.06947,9.33434,1.29248,1.1611,1.56919,1.75358,9.22355},
{2.57105,2.62134,6.76956,2.08224,9.78122,2.44188,7.5825,2.84331,9.59671,3.02255,1.42824,5.31211,5.87833,3.45507,4.56133,8.80057,1.52135,4.37068,4.68887,3.55992},
{2.54509,8.9356,6.81592,3.21163,4.31561,7.91364,2.54268,7.51316,7.06044,4.24466,5.69398,7.31873,6.6864,3.36023,5.63918,3.03225,6.70751,8.46084,1.26494,5.95457},
{5.6523,1.27851,6.60474,2.57362,2.68987,5.11117,3.44862,4.92565,8.30881,4.52123,2.83187,6.52917,2.42638,8.37701,4.09374,9.19432,2.45972,1.67803,7.02102,9.30798},
{3.08236,4.1089,3.116,5.44444,6.29654,9.57493,7.19125,7.59584,9.76107,4.82106,3.18709,3.844,1.90811,6.48412,2.24795,2.24138,4.58612,7.93754,1.80224,1.77986},
{7.11532,1.37223,8.08687,5.30086,6.56818,4.13279,2.72805,7.71426,2.94555,8.97381,7.15849,4.68445,7.16733,6.65583,5.80157,4.88067,8.61294,7.2092,8.25452,5.7048},
{4.59412,1.01868,7.50592,9.52942,6.98697,7.08992,5.87852,7.53079,7.28472,7.37749,9.88356,8.52266,2.83792,9.20345,2.52819,2.54045,9.97861,3.55151,3.09144,6.8006},
{4.29569,8.22607,3.68033,3.22987,3.78823,3.10594,1.27707,7.67052,8.30269,1.97247,4.78168,2.34208,8.4177,9.34059,4.21681,4.65323,9.52585,3.29455,9.81141,1.29323},
{5.13185,6.29842,8.85691,2.59369,6.29239,3.66919,6.59992,6.294,1.25992,2.40605,3.10623,1.63468,1.97594,3.41911,8.16521,1.03574,3.59704,4.45144,6.46535,4.54763},
{7.12594,1.10342,2.87651,6.22393,6.76339,2.04743,5.44709,3.96134,7.26937,2.35249,2.42558,8.61364,3.60294,5.56831,5.83697,6.00599,9.13819,3.70259,4.32359,2.05156},
{5.27824,3.10981,6.31972,1.27437,4.17898,9.65853,9.60839,3.84485,9.29342,3.1802,9.6108,8.74229,8.60475,6.55905,1.36761,1.5192,1.56918,3.26653,4.9059,4.29904},
{6.08115,6.86429,5.15685,7.02501,4.50372,8.36554,8.75005,9.29887,1.35086,3.65837,5.92959,4.50165,7.95651,9.20679,6.77883,9.67286,9.02491,1.88763,8.92267,8.54248},
{9.65125,7.4308,9.50823,2.35399,6.19534,3.72327,7.13183,4.39247,7.21509,4.72986,2.25344,3.40504,2.83466,2.16449,5.33262,4.31951,8.79258,7.46049,1.50057,5.54889},
{3.21956,9.04177,2.41643,6.04651,6.69021,9.39619,2.06195,8.99601,2.05259,6.46922,6.26877,9.93873,5.85291,9.32732,6.41445,3.56443,4.71997,7.93981,1.15098,3.62875},
{8.54257,7.48387,3.73101,6.7141,6.37001,7.95898,7.88184,6.25232,2.07814,7.21056,3.83001,4.19667,4.22349,3.84491,8.67093,5.19808,9.19832,7.65764,4.66555,4.44066},
{9.24804,9.84893,7.08489,7.44505,8.10018,5.29197,7.67192,5.86739,7.53362,2.90546,9.37758,4.90961,5.20653,7.90794,3.71629,3.85569,1.40361,7.41541,9.1904,6.9792},
{1.05648,5.40921,9.39586,5.0578,3.74347,5.9752,5.13816,9.02721,5.29458,8.98479,6.00063,6.92207,4.79065,6.58728,9.97626,5.09881,6.80188,2.70644,1.13077,3.82556},
{9.06681,4.4445,2.03627,6.89422,6.08867,3.18716,2.35484,3.25071,5.17594,9.66982,5.73146,3.47462,8.58826,9.50729,6.94458,6.32062,9.11941,3.77846,2.2827,7.30903},
{1.01897,2.54591,8.90466,6.26461,4.08294,4.5118,4.19959,6.39612,6.87468,3.64975,7.1298,3.61856,7.05765,6.70767,2.11078,3.43458,2.3848,8.41217,6.34441,3.44015},
{8.91153,9.59894,1.33106,5.27469,8.82471,7.36766,5.07083,6.37511,4.61913,5.03719,4.85813,4.15359,6.35784,5.79757,6.50284,8.77639,9.30341,6.69107,3.90969,9.67702},
{3.87469,4.55903,4.4628,4.98018,5.97238,2.43505,6.10141,7.43709,7.42246,8.79328,7.49712,9.79212,8.96422,1.78213,2.40913,4.03204,1.94607,5.00085,4.47474,1.56348},
{2.62398,2.1462,5.62029,1.15579,7.30165,4.26252,3.56066,7.58272,5.09345,5.67603,8.44813,3.33206,9.58872,1.93674,5.51167,5.11155,4.77556,6.86364,7.48478,9.37466},
{5.60338,5.55923,5.5784,7.12338,4.73613,4.69067,3.3044,2.85113,2.72427,6.96085,8.24924,8.01527,4.39886,1.70864,4.84306,8.92587,8.58049,2.75468,2.88223,9.41769},
{6.06048,2.68141,3.2277,1.04789,6.48117,8.88579,7.80817,3.51628,9.25952,1.90882,6.23734,9.84012,8.90732,3.5054,4.59885,5.08802,5.2422,7.45878,4.02046,5.3564},
{2.85389,5.23584,7.65106,9.36193,1.54011,7.77802,1.70593,2.63226,5.35132,5.08776,4.65272,8.07451,1.37772,5.51098,7.94244,9.29978,7.21616,2.39996,2.05391,1.43736},
{1.84536,1.0432,1.74176,9.39502,3.19806,2.37841,5.81621,4.37271,3.68075,6.57296,7.57107,6.96059,3.0591,1.35295,1.07853,9.99619,5.03015,4.35976,9.72559,6.97188},
{6.5913,7.94166,5.56738,2.05385,5.64432,7.17369,7.80232,9.51726,5.4474,7.13302,7.57179,2.17497,9.19008,7.7586,9.18014,2.58484,7.79851,1.59068,5.60006,5.69157},
{6.1629,8.525,2.11403,9.27606,1.07821,6.1745,1.73433,8.32525,6.54443,5.67217,9.27193,1.36407,9.57642,9.86578,9.07705,8.3253,4.23185,1.52513,9.4056,9.43859},
{3.27608,9.27347,3.23534,6.84657,9.78728,4.37173,5.94914,2.27624,9.2875,1.9184,4.09768,9.84994,5.21805,2.47283,6.05751,5.12749,6.82008,2.27617,1.84104,7.72969},
{2.74327,3.22831,4.7574,3.32704,4.84005,1.6826,5.97071,6.42929,2.9294,3.43601,7.96049,1.69568,1.63001,6.98963,5.08297,9.59898,9.96833,1.47845,7.42308,1.51303},
{5.48422,6.90856,5.22521,9.01145,6.35695,9.10943,4.18859,5.69264,6.56267,9.06874,9.10745,3.66024,8.43345,5.07413,1.14243,4.41291,6.65959,8.3162,9.9465,9.1484},
{4.90819,8.77325,2.76704,3.40186,4.5759,8.18775,3.9904,1.1318,8.99179,9.15322,4.48062,7.53543,7.33342,4.19655,4.61072,4.47667,4.11891,1.49494,9.97164,6.80627},
{6.71153,4.44599,9.75265,5.76984,6.01075,5.58913,3.41284,8.66096,2.34656,6.40229,4.63714,1.20861,6.18245,4.25568,4.98127,4.72934,6.5367,4.93178,4.21363,4.91436},
{4.24009,3.21751,2.98358,8.31311,7.88039,1.17003,6.57399,3.41137,2.25687,6.09922,4.86104,3.37961,2.48426,6.41243,5.83598,5.91376,6.58245,6.82437,3.71215,2.69121},
{1.27379,3.65794,7.17596,6.09253,6.6646,2.78967,5.05208,8.6515,5.36147,4.93585,9.85044,6.16603,9.54231,3.66865,8.08035,4.81884,5.21208,7.32299,7.04706,2.11812},
{6.94057,1.22072,7.10886,8.0397,5.59072,4.2269,7.69534,8.35895,2.97083,2.52273,4.33745,8.69048,4.54184,6.32627,3.22037,2.65346,4.90502,5.41422,8.701,5.97204},
{2.1711,6.48018,9.69363,8.07907,2.29023,4.02561,3.22478,5.88399,6.45481,9.40652,7.56395,6.47932,8.85573,2.24755,5.34994,6.15048,1.71398,5.86628,3.37521,2.49216},
{6.96317,2.50336,7.17538,4.91275,7.90968,2.43317,4.01854,9.02054,8.45017,9.9513,2.70797,2.96115,2.99728,1.96478,2.70266,7.61609,8.7185,3.05658,8.76226,5.54307},
{4.94528,3.97264,5.58665,4.96058,8.68417,7.11833,2.95332,1.99408,5.50698,2.25279,2.06661,3.0094,9.22582,7.97401,7.12085,5.29169,6.15316,2.54281,5.32018,2.85534},
{2.93337,5.69444,5.19129,4.2206,2.99606,4.72014,6.89744,7.22549,5.36785,6.39525,5.82894,4.53897,1.12399,5.38539,2.95696,8.41972,8.1091,5.11517,6.24268,4.64278},
{4.28106,7.28046,5.40526,3.60171,4.34274,1.3404,7.73834,2.30582,7.75415,2.51504,1.22736,3.8549,2.15369,3.95512,5.25402,5.32266,4.72086,6.04156,1.5898,6.39289},
{5.31783,8.77813,1.52904,4.37117,9.24518,2.03369,4.97454,2.83657,7.66743,4.42504,6.37787,7.15597,9.47111,2.15058,4.89064,6.98803,7.33777,9.69043,6.34389,7.07788},
{9.99118,4.93003,4.73699,7.60502,1.69483,1.21452,1.83441,4.41106,3.65261,1.60359,1.90004,6.7951,2.02319,6.96273,1.29345,7.62819,2.26837,6.48584,9.37909,8.66055},
{9.01484,5.83317,4.41516,2.35144,3.91315,1.1707,4.51956,7.65418,8.22297,3.01837,3.64723,1.5401,7.98557,1.70207,3.11413,3.25841,8.27104,2.71154,3.97622,2.46647},
{1.54197,9.15417,7.83828,4.71903,3.90864,3.53873,6.2227,6.93081,3.7347,7.06103,8.38125,9.31615,3.99599,1.84463,2.84315,3.69191,5.63041,5.14178,3.76662,4.46655},
{4.11382,8.55307,4.23059,2.87928,9.04977,6.69484,4.73532,7.88357,8.53378,8.67795,1.00667,7.13904,3.84317,5.62348,9.7763,4.57941,7.28184,1.34684,3.08523,2.83857},
{6.26988,9.74397,7.08215,3.07053,7.70001,4.3211,4.88835,2.81222,4.55936,4.58733,9.95549,4.72896,4.95621,7.43335,8.68142,6.05751,4.21582,5.14255,8.10167,6.54713},
{6.22408,8.20668,3.8185,4.20208,7.21847,9.35703,7.27702,3.26813,3.70315,2.78253,6.5197,6.70476,3.0712,5.07291,4.5299,3.58378,2.29225,8.39494,2.23478,9.87848},
{1.98772,1.31628,8.5977,3.54951,7.5111,3.56122,4.45281,4.04227,2.90352,4.29442,2.78382,8.52168,6.5321,4.26082,2.36759,4.72069,7.99835,7.85148,5.39388,9.33984},
{1.3467,6.1791,2.94079,4.33625,4.59753,4.57751,3.06217,7.64589,2.20329,8.53104,6.90954,4.80261,2.45123,1.25807,7.12604,4.91085,5.23196,3.35709,9.23271,6.48144},
{5.24112,9.71472,2.58143,6.82849,5.29704,8.60338,8.84446,5.01965,8.94752,2.20108,9.08309,3.64849,1.73236,7.84868,7.25281,3.97662,9.74802,7.86481,1.90386,6.07446},
{5.39071,5.57961,9.61748,2.51074,5.52945,2.32545,3.86106,3.62251,5.75294,4.77157,4.99237,1.59208,8.78899,6.95733,3.04795,5.06517,1.04568,3.03885,7.07015,8.36002},
{7.2267,9.11878,6.19025,4.48438,9.4059,4.0246,2.31793,6.80018,4.24139,8.70978,3.65833,9.22625,1.07855,9.48683,3.62454,7.88826,3.74643,1.94434,4.71535,2.18693},
{9.03788,9.96036,5.89671,7.48081,3.66953,6.00204,5.42903,2.10953,2.03562,1.37987,3.72765,1.34784,4.66459,1.73695,9.86765,7.92429,7.98329,8.33339,2.70185,5.7291},
{1.32553,5.54296,9.64033,3.13159,1.83176,5.02812,9.68675,4.27465,4.86802,6.4926,8.14684,5.65074,7.52785,4.6795,3.37522,5.55123,8.47744,7.4663,7.8286,9.00284},
{1.93557,3.78809,1.80937,7.3495,2.74783,2.80588,5.23641,2.57941,4.42282,6.70545,7.70024,7.97027,1.62353,8.49131,7.87799,2.22078,5.7811,6.08834,5.65499,2.49398},
{7.72652,8.90212,6.22166,2.93229,4.15757,8.17573,3.24072,6.54719,7.83566,4.7493,5.41775,9.51032,6.18112,2.21275,5.60396,1.75865,8.11225,6.25498,8.58825,9.6493},
{8.06502,5.21646,7.25887,5.0842,3.28536,9.16827,7.35014,3.80214,5.76249,4.66629,7.13912,3.17218,2.68373,8.77467,1.95561,5.81072,7.62585,1.05681,5.64876,8.00106},
{5.78294,4.4208,4.56042,8.58229,5.68278,9.68597,8.64874,9.79537,8.92511,5.73849,5.17947,1.84759,6.86288,6.39736,7.3259,8.73274,7.24977,6.0935,8.73278,4.75405},
{8.44245,8.3986,6.47763,3.25535,4.83516,3.11751,7.79928,5.57749,7.13009,2.25309,1.18219,6.2238,1.21125,7.50917,9.79052,9.54262,7.87976,3.21579,5.30572,9.95306},
{5.27484,9.45717,5.81303,8.71637,8.51011,4.59791,5.76995,2.07794,3.56786,5.62153,2.75653,8.55613,5.75055,2.70359,8.02677,9.55551,6.93135,5.14298,6.78871,7.88842},
{3.95156,4.75147,3.66999,2.05018,7.80258,7.29381,5.92092,3.78701,5.50312,6.62477,8.0488,9.33027,7.93091,4.30844,9.79426,4.48876,7.29183,2.24866,2.83663,4.81714},
{7.90075,8.82564,9.79807,2.23019,1.7791,6.41998,8.10632,2.35836,1.26428,4.71354,9.93676,1.65562,4.08108,6.35778,3.67811,1.7261,8.8535,3.76478,5.63205,4.79301},
{9.81511,4.82581,4.57626,7.09691,6.94686,6.15922,4.74617,3.57524,6.94408,1.17309,3.49609,4.985,9.03881,2.77237,1.13948,8.60686,8.27806,4.01447,9.56493,8.01279},
{8.33312,6.05585,4.22305,5.27477,7.20767,7.31195,7.71035,6.46546,7.68258,6.82524,6.33239,4.59544,7.19522,9.77276,9.18722,4.68745,1.13049,1.15431,7.23065,1.43804},
{2.08496,4.93797,2.84235,9.38809,9.01795,7.30009,3.59521,1.66528,9.36954,4.17039,2.01094,7.46992,9.93231,1.1506,4.82437,4.13701,2.13943,4.95058,6.76882,5.21583},
{1.93603,5.63117,3.38146,3.14437,9.28351,5.52679,7.12456,5.17518,8.81556,8.45716,6.43263,1.09816,1.77495,9.39065,2.0875,6.42658,4.44995,3.24135,2.24798,5.64583},
{3.95415,8.46666,2.64931,9.4685,5.20884,9.5335,3.23055,7.0647,7.84334,9.99779,3.75291,7.24236,5.46155,6.39295,9.47183,2.8785,6.77945,3.66719,4.03037,6.10638},
{9.16093,6.94791,4.71646,1.06204,7.51943,2.29796,5.21405,8.16695,3.83761,3.88055,7.92532,8.64101,3.79184,3.52221,9.43332,3.96813,7.65822,3.27051,8.58572,3.0088},
{3.48911,9.85071,5.25766,4.35855,7.61059,2.45021,4.84251,3.60802,9.34571,3.53623,8.41134,8.49657,6.39181,6.34778,6.45782,7.39231,1.88584,5.55142,6.91282,5.84581},
{1.83653,6.04237,9.00931,7.69018,1.63466,3.33778,6.61225,9.78823,7.32021,1.92601,5.01111,3.63437,2.51397,2.05348,8.13597,4.88465,5.79952,2.71348,6.66392,7.00617},
{3.67872,1.48429,3.65335,4.47456,5.62524,3.14965,1.17133,1.53012,8.93282,2.088,4.798,9.78669,4.15033,6.97166,4.6706,7.19314,7.07875,2.09283,4.3995,6.61315},
{8.43862,7.26132,3.53583,2.87581,5.15695,5.50125,3.06952,3.81174,3.23946,6.14428,3.99603,1.68144,3.54941,3.12611,4.34224,4.74697,9.98425,2.37077,3.69603,6.55958},
{1.33168,5.89686,9.08798,3.27742,3.68713,6.98507,1.83473,1.77553,7.28157,1.31665,8.56367,1.16292,7.703,4.0317,8.3202,1.11145,2.22631,3.13965,5.13433,7.37869},
{2.94488,7.24506,4.37312,2.3951,4.88934,3.40256,8.9331,5.79856,8.12687,8.6069,6.87307,9.83445,6.11312,5.95274,7.37959,6.73935,8.28135,4.8125,6.55501,6.32759},
{6.75185,1.79379,5.07171,3.54909,5.98566,2.7312,9.38444,7.46778,6.65484,2.81005,2.63103,5.25052,5.06337,4.25554,4.08434,9.38701,9.65955,9.37692,1.95191,3.19335},
{8.95152,2.24796,3.49745,9.47211,6.88468,7.49702,2.45954,5.52945,1.57511,1.54669,6.96136,7.37447,5.69203,4.08077,3.15037,8.80014,2.59643,5.86717,8.8852,6.07849},
{4.68107,2.62919,6.68452,4.24238,4.8307,8.157,4.14789,9.97517,3.96565,9.17611,7.23371,5.91836,5.89195,2.96662,7.9465,3.8971,6.2829,8.9831,2.87851,7.52863},
{7.50775,9.02685,5.03098,2.85212,3.77908,9.04517,5.14114,6.84777,5.2425,2.46716,7.48629,8.08045,9.92954,7.583,8.88465,9.10659,1.53536,6.36563,6.589,5.14614},
{5.8091,7.94339,9.86445,8.11729,8.36255,4.08902,9.12003,1.51735,5.95855,4.78562,3.11327,2.58251,7.27187,9.57952,4.17961,1.37047,9.41533,3.83162,2.00653,2.05195},
{5.28568,3.27738,4.11603,2.36181,8.44738,7.672,5.06737,8.1324,7.51624,7.54091,7.06784,9.41406,1.79402,7.68258,5.74684,3.66638,7.92578,3.66793,9.9029,2.99625},
{2.15784,7.7939,2.63143,9.4492,1.54401,8.74312,9.24102,7.58813,6.68501,5.68337,1.17308,4.54555,6.61071,3.18654,3.94993,4.03685,6.6966,1.08849,2.32274,5.73584},
{2.74507,3.08622,6.2097,6.53218,7.09146,9.69697,8.75233,8.97312,9.8849,3.84372,4.81906,5.36696,6.70484,2.27486,8.96338,4.93796,5.6957,2.90936,4.78265,6.6104},
{1.09132,4.19307,1.85937,3.42725,3.57219,5.82228,4.57767,2.02755,4.80336,9.32609,9.60981,3.00083,8.21368,3.46128,2.92736,3.66616,6.09502,2.91487,3.83185,5.75333},
{7.34332,2.03899,4.17044,5.25826,6.11728,9.31569,1.51224,8.35475,7.10433,1.10488,1.83516,9.18876,1.13796,8.6393,3.66295,2.19317,5.89995,6.32551,3.99735,3.6678},
{3.73013,8.10057,6.49102,9.71214,7.29835,3.13796,3.28587,1.39558,4.59461,9.55399,9.37891,9.95079,9.33234,5.16719,5.9999,1.28217,9.74667,4.60967,4.19483,8.50559},
{3.40857,7.00895,2.96877,6.59648,4.29914,7.62392,4.51783,5.93354,4.95531,3.47575,7.18917,9.38593,2.91709,2.92711,6.3456,4.95016,3.33669,4.69779,7.10213,9.37344},
{5.79803,6.46333,3.59855,3.17922,7.89102,5.71555,8.33594,3.56077,1.95369,8.98465,6.28645,5.10645,3.68772,5.62837,7.03749,7.11493,1.15547,1.92221,5.80071,6.07498},
{9.06508,3.87283,2.88431,8.90488,9.34158,3.2523,5.63193,7.43533,4.51033,6.58452,9.17762,8.43193,2.39187,8.67105,3.2864,5.82378,3.47574,4.74939,6.7999,1.41605},
{9.45301,8.62936,6.70891,5.751,4.09009,6.41435,2.34158,4.43406,6.04344,1.23458,3.44597,5.70216,2.64819,4.74916,6.08273,2.15746,7.68222,7.35793,1.75835,5.60391},
{9.69335,3.10801,3.05651,3.6795,6.12899,8.11335,4.51273,2.8729,7.67704,8.38225,5.193,5.74553,2.9042,5.27766,3.01664,5.3872,3.33553,6.29956,1.31878,1.28926},
{8.36854,2.35709,7.20207,7.2608,9.93062,6.27771,7.56248,5.53843,8.12543,5.70477,9.79951,4.1336,1.02889,1.50927,4.04864,9.35755,3.56074,8.34469,7.41135,7.93155},
{8.25627,3.94785,1.9133,4.37845,1.32328,2.95239,3.09723,7.43845,2.40351,5.61392,8.80983,1.73918,4.48058,7.55364,4.66369,5.2938,8.51384,3.17226,4.96496,3.17601},
{3.04852,7.65922,4.65481,2.97107,6.85128,1.32871,3.09933,5.68904,8.91162,8.44127,9.78592,9.76275,6.89644,3.85405,9.19436,2.99299,6.73956,6.31542,8.83477,4.33382},
{8.24571,4.10083,6.49492,2.84179,2.77481,1.1887,8.11954,5.02657,1.27441,4.89569,8.59726,9.10495,5.11697,9.82365,5.67454,1.54791,2.84388,1.34565,3.65158,1.31044},
{6.77195,8.07812,3.48312,4.72552,2.56158,2.8337,2.44401,5.59025,4.32192,4.66293,2.06665,8.71291,7.47977,9.68512,6.30608,1.84698,8.86087,9.62428,1.83058,6.84215},
{9.4452,4.09331,9.96502,6.22321,7.3906,9.9129,6.02201,5.07435,4.81056,6.26922,4.56129,3.70725,6.69141,1.90919,9.15232,2.79838,7.62335,4.66601,2.87262,5.6686},
{2.90991,1.71487,6.46504,7.43314,2.57191,4.80618,4.94648,8.78298,9.74626,2.24841,3.4555,1.61709,7.57174,5.11163,2.7932,6.43411,9.12383,8.45403,6.22853,3.92081},
{6.38562,3.65736,9.48888,1.3049,8.83588,3.26169,1.84032,6.71283,7.04539,9.86685,4.48918,6.03871,2.36211,1.51643,2.02835,4.45422,2.80139,1.757,1.39745,7.42347},
{8.87443,3.95472,7.9381,2.43396,3.29822,6.86782,5.62246,3.07941,1.936,8.81613,9.50648,7.54019,9.93944,6.63981,5.08904,1.88795,2.28056,1.59551,4.63896,8.37136},
{1.02651,3.19204,5.02342,7.39598,7.28445,7.44892,2.24983,8.13119,1.55744,2.90954,3.67448,6.77322,4.34204,6.71456,1.63306,4.07815,2.5238,4.69219,1.63586,5.92234},
{8.11096,1.31164,9.27739,1.58091,2.02583,6.58016,2.99502,6.33067,6.98084,9.76234,4.61174,6.74147,2.9945,5.53307,8.18459,1.30306,9.67712,4.47387,2.23989,9.67165},
{6.49194,2.20353,6.64387,2.62965,2.58252,7.47571,3.68069,5.5612,5.74658,9.79304,1.29989,7.3122,9.0715,5.56606,2.40361,6.75223,9.13958,3.16976,7.60736,3.36457},
{5.07506,6.43546,7.86934,2.75899,2.84498,2.35292,8.35155,2.47022,4.0044,4.82019,5.17851,8.24688,2.22386,9.71373,1.17705,9.08161,1.11026,3.36369,3.47339,9.70428},
{4.93817,2.93068,7.34121,4.40941,8.23043,8.53626,9.3813,8.77872,1.75173,5.79586,6.33942,6.23766,5.30962,9.22194,8.21102,2.78723,2.73149,1.10845,6.65573,5.11401},
{3.65884,8.4263,6.12376,8.85765,8.18454,8.74595,6.5876,6.60082,3.57763,1.60314,2.2394,4.83325,7.57546,5.96499,4.41707,9.41954,9.78571,7.76719,9.45937,5.94566},
{4.23889,3.69076,4.38452,1.93059,7.23735,6.00758,5.43727,3.13938,7.58953,9.90892,7.91218,5.73345,1.12635,6.25131,2.94435,8.65242,7.26277,1.64314,4.09016,8.75392},
{6.16154,4.21589,2.27879,1.12737,7.59872,1.88212,4.18625,7.11653,6.96668,7.21594,1.25312,8.78524,7.54351,5.98466,4.5902,6.54261,2.80343,4.75429,2.7969,7.87197},
{3.56531,3.07957,1.38225,2.48838,3.81852,9.66573,1.89,1.6514,4.37249,2.29829,2.12456,9.99831,5.63226,1.5372,9.63803,6.38424,1.79933,4.69245,9.83153,6.15263},
{4.90495,4.58571,5.27234,6.75886,7.78388,2.20475,4.99549,9.75769,5.4884,3.45365,8.3743,1.39907,6.09022,1.77577,8.13686,2.15472,2.47744,9.14771,7.07431,3.19395},
{8.18904,5.71443,8.79248,4.87659,4.94702,7.21095,9.99762,9.64017,8.62744,3.21763,7.76236,3.51756,2.17276,6.40751,5.37187,5.28175,4.64209,4.19094,7.81016,8.22285},
{6.487,6.31948,3.30645,4.77069,5.39932,1.51836,7.78359,8.78607,5.92831,7.57266,5.81171,8.3431,2.55211,1.57015,8.4923,1.64625,5.48467,9.587,1.5207,7.16305},
{8.91507,3.24707,7.06478,6.80859,3.94771,7.66996,3.56137,5.30301,6.32395,5.13024,4.24534,8.69825,1.1277,1.91743,5.22782,1.43378,4.32387,7.96014,8.78005,6.99433},
{5.08048,6.61277,6.59667,1.75173,1.33555,5.7923,3.68807,6.73922,6.09044,3.96675,8.95723,7.40844,1.64323,2.02613,8.85968,2.96796,7.98287,5.42392,2.3212,6.2148},
{9.72925,2.92769,9.55904,8.21942,6.46055,4.14924,2.19648,6.3773,4.71641,1.42287,4.44988,3.14737,3.57377,8.14831,8.29132,4.36258,6.90031,2.23085,6.85285,3.73619},
{4.17151,3.91914,5.62817,5.6925,7.78458,2.47432,8.61429,7.21534,1.0245,4.20408,9.33409,7.21492,7.895,6.28448,5.19443,2.89848,1.23266,6.72196,3.23998,3.9193},
{7.34325,4.67345,7.8978,5.79433,3.60352,9.7293,5.42137,1.14094,7.21426,6.88233,8.98319,5.471,4.11749,9.20864,7.68288,9.00544,3.03661,8.31077,6.49003,5.13103},
{2.93705,8.27944,8.06585,5.49702,1.85513,6.3774,8.66152,4.13838,1.50039,7.46988,5.46322,7.28705,5.02739,3.5333,7.28292,4.2766,9.4822,4.75365,4.91248,3.58582},
{3.89233,7.17922,8.77774,2.08778,7.9761,6.9621,4.21196,1.12114,5.12339,6.74329,7.34841,5.48479,8.25252,4.4885,4.21399,8.7983,2.08849,4.36161,3.19827,8.90459},
{8.44344,1.11325,1.46734,9.59798,2.59566,5.99189,6.12499,3.55874,8.20882,3.21341,4.98559,8.46472,5.33899,6.84885,7.81284,4.47727,3.13071,1.86113,1.748,7.06781},
{6.2932,8.60124,5.52962,6.34619,1.63563,6.37521,4.35317,2.21488,8.40762,3.26912,5.90879,8.3103,4.92833,9.52119,8.93227,8.84851,2.71636,9.42865,8.09773,6.8872},
{8.59813,9.31631,2.30385,5.18033,8.78461,2.3727,7.95058,6.3906,9.79916,8.55986,8.35395,9.42175,9.21283,9.0616,4.59065,4.38805,2.86251,6.99771,8.67619,3.34131},
{5.60637,7.6215,9.83866,8.03209,1.50068,1.11872,4.05275,7.25578,8.03918,5.51487,8.67355,3.16365,8.10839,3.6923,7.22375,4.31958,1.79201,2.27052,5.66799,6.45903},
{6.96782,4.94837,6.23873,9.73981,7.40005,7.97715,5.51468,8.65923,4.8695,6.59255,5.61012,5.88526,7.72293,2.35442,4.989,2.17675,5.97263,1.84032,7.06917,6.06776},
{8.4255,8.34331,1.42286,8.9683,2.4585,8.39809,9.68968,3.99424,7.22579,9.68165,4.62306,7.25512,3.52345,5.1564,6.318,9.46271,2.56707,6.07288,7.24736,3.64761},
{9.54871,1.15533,2.56088,2.93338,6.13381,2.45112,4.60085,6.83165,4.72694,2.77956,9.42103,5.61633,1.21485,4.05904,6.67201,3.25226,3.13548,1.66387,7.7998,6.12671},
{2.70561,6.31217,6.26843,6.78533,5.78451,3.07559,9.59006,6.8082,3.4808,5.28038,2.06992,3.77772,6.13376,7.0511,8.29274,6.2085,1.35909,1.44057,3.12062,8.53484},
{1.3949,5.27494,9.02733,4.3767,3.2004,3.26721,9.00276,9.12888,9.61293,1.13,2.49077,1.22157,2.75206,3.15266,6.21848,9.36463,9.65956,5.86784,6.92248,2.42381},
{2.63083,9.08482,7.93686,7.89132,1.73065,1.87057,5.30815,3.23468,3.63157,5.33061,4.09845,3.58517,6.88718,3.80407,9.40387,7.22576,6.39514,6.81335,9.78965,3.97351},
{7.51824,1.79368,8.11012,3.67974,1.89421,5.12362,1.73818,7.94105,5.35554,2.12598,3.63724,8.82741,2.10811,3.0789,1.57422,7.15706,2.97931,5.70577,5.10769,6.57485},
{3.45969,8.90109,3.37258,1.775,1.77435,5.48835,9.86638,2.11784,8.26754,1.69261,5.30126,1.19732,1.53836,6.75629,1.51357,1.03698,1.52741,3.71005,9.75511,6.71372},
{1.66697,4.61587,1.60831,9.43147,1.98494,3.38441,9.15006,4.3625,4.25664,3.26415,1.31151,4.87268,3.71134,2.7953,8.57091,3.43378,2.949,8.48811,5.94917,2.51385},
{2.46079,5.24439,5.00447,9.32859,6.77986,2.66339,5.56576,2.51832,6.93027,3.13802,5.23445,3.60523,8.0327,3.98562,1.71869,2.90311,4.63489,2.55993,2.08759,5.76613}};

static const Matrix restrictions_aux = Matrix(restr_rep);

static const Matrix restrictions = restrictions_aux.transpose();

static const std::vector<float> costs = {323.81,479.549,102.555,666.881,64.5368,672.649,352.088,164.239,232.383,465.922,19.8261,344.686,24.5262,204.785,600.952,638.322,418.682,15.3508,581.872,708.458,653.688,181.047,682.367,509.142,120.626,697.241,17.9854,834.898,213.783,124.874,76.2257,548.7,465.867,962.457,277.804,739.999,920.803,413.99,783.439,102.175,646.681,381.767,18.6696,731.023,813.259,944.206,979.651,143.671,441.508,435.255,111.817,25.4661,103.032,82.3367,740.016,154.66,674.677,299.322,824.269,633.705,524.927,228.619,285.915,866.126,898.272,525.278,616.74,74.9034,929.991,505.089,889.256,693.516,982.862,139.011,418.758,167.904,930.315,126.442,967.28,139.973,305.359,5.94416,247.663,319.172,531.881,954.128,538.647,648.7,712.93,644.32,445.199,785.965,449.402,781.034,251.54,60.8771,356.34,279.162,644.964,181.807,125.426,689.651,51.4325,948.088,339.472,818.255,43.0575,380.293,229.76,572.092,115.044,518.269,780.731,35.2161,958.445,314.369,270.616,299.407,928.351,908.487,182.706,762.966,163.668,913.782,781.783,404.99,607.112,874.837,25.5986,354.371,619.616,728.753,216.329,546.558,479.841,155.055,797.348,414.656,375.492,790.695,318.187,994.49,461.611,964.167,859.568,740.085,794.346,223.775,907.13,272.257,25.8068,695.26,740.441,659.332,174.788,885.836,713.658,189.149,203.08,108.978,329.61,616.002,815.245,8.13977,806.26,236.337,918.693,897.632,101.99,514.391,39.37,816.352,109.59,353.246,119.664,475.452,212.785,656.208,55.6557,111.821,3.16903,403.82,711.455,244.772,727.308,193.911,582.034,736.221,352.743,137.81,17.7904,599.849,916.737,558.789,301.255,709.119,929.693,991.874,690.472,148.253};


static const std::vector<float> min_impressions = {61.8374,55.5647,101.955,139.292,132.899,104.922,111.425,152.042,122.92,68.774,136.707,177.461,78.2526,126.833,123.471,96.4648,155.481,188.01,100.44,120.654};


#endif
