#ifndef PROBLEM_H
#define PROBLEM_H
#include <iostream>
#include <vector>

#include "matrix.hpp"

#define APO

static const int media = 200;
static const int segments = 20;

static const std::vector< std::vector<float> > restr_rep {{9.33796,2.19936,4.75523,7.26345,7.22885,2.97478,2.49055,1.67635,4.37594,8.92549,2.38256,6.97111,5.432,3.7068,8.69953,3.84097,7.69277,4.48906,7.50372,2.32987},
{7.03007,8.33278,6.788,7.29278,7.82274,7.39277,8.43458,1.4773,5.82028,7.73646,5.44567,6.2242,6.78897,4.0467,8.52822,5.41174,3.76705,4.85711,1.21735,7.47203},
{3.85873,7.35702,4.87324,3.65435,8.11884,2.14969,6.94452,7.80483,8.91974,1.84199,9.5343,1.41077,3.54143,3.28321,4.02256,8.71783,2.29846,3.98778,1.221,5.91678},
{1.43288,4.3224,4.68139,7.20471,6.07163,1.69442,7.31401,7.75981,6.00783,4.19206,3.04806,3.04736,7.78119,9.78772,2.54187,5.51139,8.81926,3.77999,4.87499,5.97482},
{3.53667,2.10632,6.79269,4.33627,6.50688,5.21908,8.1175,2.21717,4.52532,3.03663,7.82375,7.50578,3.49688,2.85785,9.95658,1.50322,2.95984,5.75384,6.39941,3.02542},
{8.94042,4.15684,7.77555,8.2495,1.49083,2.3526,2.62898,1.58555,6.71957,9.56003,5.54616,4.3074,8.13486,9.50472,5.53442,7.02243,6.43226,7.17003,6.18377,7.23995},
{3.72248,8.73024,5.47457,6.77949,6.47196,9.2507,1.25481,5.79536,9.42267,8.20317,8.27318,2.90338,1.81094,9.80294,6.32802,2.28687,6.01946,8.9573,9.17246,3.056},
{7.15071,8.15328,3.13961,3.18521,7.96075,8.73101,6.7689,8.383,9.36203,7.31571,5.98624,6.37349,4.13224,9.92138,1.73487,4.15372,8.97622,4.11313,4.24027,6.7822},
{5.0951,1.00627,7.98136,5.49072,2.55363,2.34274,6.10554,6.26352,4.21376,8.43831,2.71619,7.9791,9.78965,6.95049,5.94527,9.72247,1.24562,2.92746,1.16408,9.07726},
{7.4562,6.15957,3.91081,5.20352,3.35908,7.23989,2.34941,7.5526,7.58543,1.446,1.10051,9.98493,5.59438,1.04671,7.4363,7.89574,6.15966,1.07843,7.91321,9.87575},
{6.28897,2.84609,3.01226,5.39359,3.76478,2.79383,9.77844,2.86565,3.54794,2.72525,7.26666,5.79814,9.85418,8.67283,1.57487,4.19186,4.59706,6.60514,9.10309,8.56758},
{1.19401,5.01123,8.59544,7.74837,8.84708,3.53608,2.04101,2.05586,6.94362,8.01568,6.82933,2.15805,8.26898,4.87907,1.39705,9.1893,3.18539,8.93516,5.93789,8.22641},
{6.9529,2.08247,2.45177,1.5827,4.23101,2.20154,5.64491,7.82318,3.6531,1.30126,2.16661,5.1906,9.96362,3.29862,8.03244,3.90096,5.76291,8.03879,2.14412,9.59693},
{4.32936,4.3999,4.32154,4.47174,2.32039,5.84409,3.28505,2.87854,7.54322,6.26431,1.60853,8.1396,1.07082,3.68589,8.29799,4.67955,2.66151,4.66806,5.73093,9.82994},
{5.5932,2.60596,2.65647,8.8086,1.34577,8.1954,6.02393,1.41835,7.01024,5.29721,4.84629,4.92271,7.41423,7.07746,5.09874,3.34317,2.5728,5.24299,7.78932,1.10964},
{4.92496,6.76997,9.16673,2.45719,4.33325,5.10497,1.16702,4.73327,7.97979,3.09418,5.24388,8.8492,2.34585,3.01992,6.81567,1.59774,4.99499,6.27605,4.21177,1.75799},
{8.89865,8.57215,8.45081,8.97804,3.88557,7.41986,7.09274,6.97004,6.77387,9.22562,3.96322,2.55231,2.36326,4.11215,2.61412,4.54603,3.75911,8.26977,4.83389,2.30885},
{6.03188,7.1221,6.06554,3.40939,7.9346,9.90129,5.27126,6.41027,8.02363,8.9691,6.93741,9.43795,2.00031,3.40082,9.69597,4.01991,6.49656,2.05888,2.56142,9.30938},
{6.19435,5.84305,1.20505,3.69989,6.97436,6.5398,6.21635,9.71369,9.95133,6.66802,8.38573,2.00671,2.32519,9.69813,6.47593,9.27783,1.43655,5.39611,7.16636,4.6854},
{9.84746,4.08481,5.39033,8.76557,1.0756,3.71054,5.72884,4.85146,5.82412,4.58948,3.3984,9.90797,7.91552,7.94915,4.30397,7.42288,8.11944,2.90343,1.38671,5.89475},
{2.4639,3.69506,5.086,8.59515,4.1597,8.77655,5.68908,9.17702,5.81541,9.4607,6.46274,5.56157,5.16847,6.02358,2.88361,8.71839,9.45092,2.97404,6.09017,6.91154},
{7.59882,8.30939,3.85674,1.86715,2.86054,7.83352,7.17725,9.56305,6.71977,5.5875,8.02803,9.38338,4.76587,1.10503,3.10077,5.78922,4.84085,1.82661,3.17799,1.68283},
{4.88209,4.37228,5.42568,6.2721,7.36242,6.25314,9.68604,5.90603,4.2745,6.33347,9.73991,4.38404,8.70278,6.64855,7.03848,4.59731,2.25623,7.83553,3.28965,2.63569},
{9.85399,7.13981,7.17713,2.68284,1.53014,5.39651,4.58585,6.27341,1.97999,5.95836,1.22862,1.63736,9.1945,4.5179,6.19604,8.46426,3.3929,8.67763,3.53766,2.79077},
{8.55166,8.00168,6.42304,6.6707,7.2411,4.16274,1.12578,9.07389,7.63305,3.69033,6.84603,9.95595,3.35135,7.49286,2.19604,2.76536,7.4481,1.54244,9.96957,9.7571},
{4.85335,6.07183,5.23459,4.71418,5.64862,5.15166,7.72562,4.25107,2.44761,1.22089,2.5723,6.015,8.48785,4.96674,6.68257,3.68383,9.98738,2.75598,8.06619,2.03446},
{5.24249,3.57554,7.35072,8.80451,6.73222,1.72655,1.3228,8.04189,6.40141,9.75068,6.42583,3.75741,8.29207,9.9701,2.59973,2.43954,6.81202,2.22346,2.42252,7.43549},
{7.34432,8.17988,2.92417,9.08061,8.61455,6.40034,3.91193,6.91961,2.66153,9.49067,6.52263,8.49738,9.48999,1.64645,7.15835,4.33119,2.94823,2.90782,6.91143,6.6748},
{9.01383,7.94243,1.88948,5.45904,1.72999,7.29642,1.29816,9.99401,4.47502,5.46267,1.44059,8.70371,5.00828,6.7767,8.07798,3.66626,8.9267,6.74112,8.86263,1.05046},
{5.69403,4.36239,4.20331,8.69872,2.57491,7.05346,6.69159,1.81976,7.55061,5.34428,9.0606,2.32933,9.2498,4.4052,3.54734,4.40633,8.06905,4.07886,2.60469,6.74449},
{8.38608,2.79679,1.66308,7.75689,5.1029,9.3479,1.6369,6.8467,5.12484,5.78392,7.73183,3.1908,4.29753,8.69516,9.71756,3.42054,3.39571,3.93178,4.02147,7.6264},
{9.53493,4.52922,1.89719,9.37521,3.82795,2.93584,2.76445,8.40089,6.0361,4.73928,9.3118,9.24411,7.75713,7.84173,6.50304,9.86107,9.33124,7.23539,2.31484,8.04329},
{9.21608,5.00955,2.61084,5.82692,1.44589,3.52558,4.01503,2.81172,7.68816,1.88699,1.23677,2.91677,9.66924,1.52845,6.07105,4.46013,8.78878,9.84557,7.04873,5.52791},
{5.36187,7.59709,1.63578,6.28894,4.85155,6.05506,6.91817,4.40541,6.40887,9.55227,9.45299,2.66549,3.27304,4.43382,3.55879,3.85962,4.33204,8.57222,9.15381,5.84428},
{9.11231,7.3011,4.15244,7.43785,4.23235,8.74348,4.4152,1.89132,1.90639,5.40543,2.96166,5.89794,4.16078,1.97517,4.36167,4.74559,8.9692,2.66601,8.47199,4.77763},
{2.19089,2.95511,2.30773,4.48397,8.24409,2.13007,5.3945,5.95999,8.28262,7.53988,9.22328,7.83328,7.65816,7.57031,7.81454,5.19595,7.42503,9.63902,2.64738,4.17463},
{1.66686,7.9714,4.28565,6.67601,5.70113,1.81677,4.23815,1.99123,3.63786,9.49869,2.10353,6.11139,6.4564,7.42325,8.83062,6.41127,2.77862,5.67766,5.39364,6.75177},
{9.2028,7.36457,7.71489,1.78915,8.17811,4.70615,1.1899,2.43038,3.95506,3.5345,8.67516,4.4407,1.53502,9.48976,7.83482,5.4873,4.89298,3.09085,9.33963,7.62259},
{6.48837,7.91309,8.20865,9.01756,5.17578,3.27018,1.79914,4.98391,7.63887,9.22129,3.08473,3.44714,3.5464,6.78579,2.26075,3.46018,7.3231,3.77089,2.46133,5.66287},
{2.37166,2.88783,4.41514,2.25115,3.3029,4.46154,4.60657,4.22353,9.26608,5.09474,6.70101,3.49623,5.98479,5.3477,9.35722,2.89504,7.84957,8.7882,5.64123,9.23356},
{6.82296,1.12407,4.02608,3.21714,3.68411,3.25377,5.71071,5.31925,5.72175,7.55327,6.96401,8.29302,8.97471,2.01424,5.7741,9.70678,2.21404,7.7029,6.47363,8.89236},
{7.65827,7.6211,7.64571,6.50619,4.46752,9.23416,2.30492,9.6074,3.59638,4.09661,3.65822,4.01452,2.4468,1.17622,3.1573,5.31057,8.72783,4.59638,2.03065,2.54544},
{5.37875,5.45905,8.28818,3.27698,6.01897,4.65062,1.67568,7.71441,6.56633,3.45103,8.74986,4.38503,3.5895,7.72684,1.0071,6.18627,5.87027,3.58884,1.28078,7.53793},
{5.69384,4.70163,6.67998,3.85888,4.92629,7.67107,4.97277,3.13905,9.12059,2.7454,1.20467,2.41243,7.67576,6.14392,2.42936,6.78711,9.49494,8.71893,3.47495,7.50022},
{5.9969,7.00711,6.33442,2.73124,1.04691,4.80589,5.70572,2.6584,2.4123,4.09867,6.00348,1.20857,4.74923,9.54047,7.51433,1.89976,4.14191,2.77806,7.31033,9.82087},
{9.38997,5.68275,8.45418,3.50863,9.34109,2.38794,8.67453,1.7132,3.77063,6.86222,4.62986,9.39526,7.65598,6.37982,3.86467,2.63285,1.44738,3.07573,9.07358,8.55167},
{1.12226,8.37551,8.05383,8.2701,1.52658,3.93984,5.7413,3.90828,9.87487,4.95348,6.94897,3.13251,9.41554,1.01992,3.59263,5.37504,8.68992,8.96489,7.09127,4.35568},
{7.51789,8.53507,1.87091,1.86351,5.43466,4.11115,8.61883,2.29895,6.5329,7.00797,6.58004,9.32201,7.31209,9.52551,5.80894,1.20286,5.58342,9.87979,5.26362,6.97647},
{4.98385,5.98031,8.61049,2.95007,3.14106,3.65364,7.49113,4.57908,9.71926,5.54845,5.33746,9.02315,6.7144,6.49321,2.80734,3.53789,8.99432,3.12259,7.0784,9.46602},
{3.86761,1.13458,6.12983,1.96084,6.35203,2.54584,6.86213,8.47883,9.71592,7.43257,4.06583,3.78644,3.36033,5.6564,6.98223,8.55412,8.37292,6.44263,5.70392,2.85002},
{1.03996,3.70076,5.62332,8.61561,9.07464,6.88276,9.44652,4.96167,2.48176,6.47366,7.19328,9.55653,4.90894,2.53518,3.15379,7.63795,5.10317,4.95136,5.79586,8.58025},
{8.65786,4.03815,9.28767,9.62275,3.59483,2.87578,6.03996,2.99829,7.08533,2.36945,5.95855,1.60788,6.3185,8.34673,6.68328,8.38538,7.14391,2.61213,6.9148,6.487},
{8.54384,8.93226,1.10461,9.56769,7.38437,9.83129,5.72844,3.02044,7.15063,3.56622,3.96569,4.20935,1.42427,2.34258,9.13463,4.25374,4.58315,6.35264,8.95391,9.22459},
{1.76567,8.257,2.76308,3.26295,4.58794,4.75422,9.17276,7.0887,1.31429,7.03264,9.7231,3.83275,1.267,6.50115,2.51218,1.08894,6.67489,7.5978,5.40105,6.45635},
{5.69493,1.80287,6.35812,7.00664,3.81713,4.29959,6.75631,9.56236,5.5854,8.87999,3.18049,1.00231,4.01795,5.01701,9.858,3.43112,6.78112,2.12061,1.33451,8.39961},
{4.59847,8.98446,4.99578,3.82247,3.91148,3.58278,6.57636,1.7131,9.23793,6.16177,1.99552,1.00217,6.19774,6.54434,5.44117,6.39412,1.99253,5.3175,6.10064,3.79413},
{4.52081,7.13765,3.72237,8.80926,2.15869,9.17269,2.90041,4.79013,7.82163,5.77612,2.48164,9.94139,1.14841,4.6634,4.015,1.77689,3.13067,9.38307,2.84873,4.71461},
{8.99985,1.17491,2.35433,8.8456,4.87245,3.54445,7.51625,6.72231,9.80975,7.07953,2.80529,1.65991,5.23173,9.87008,7.34933,4.47641,4.84923,1.99876,8.92438,3.11707},
{7.56832,2.81815,4.51404,9.98884,3.39669,9.19831,5.0725,7.41589,8.88611,7.11038,7.5154,7.12587,2.53114,5.83652,5.75037,8.04691,8.42935,1.95012,4.49074,9.66861},
{1.03751,2.30558,1.2824,5.52226,8.31246,4.25338,4.65623,2.94216,6.95787,8.21504,8.47171,5.67262,6.08406,5.04133,8.74609,2.79006,2.94991,4.16903,1.21914,7.43636},
{6.92646,5.42351,3.13036,5.92451,4.21754,1.51919,5.8294,8.80704,3.05083,1.40547,3.55303,7.57882,7.8231,2.27908,7.17268,9.21461,9.09589,5.25393,6.57022,6.29126},
{8.7918,2.57307,6.15973,4.57989,7.35145,1.60364,9.69978,5.8882,4.93082,8.21136,1.63206,3.37978,9.68637,3.99689,6.26323,5.50416,9.37898,7.95511,9.86777,9.9683},
{9.3672,6.38923,1.81701,6.66922,5.25862,4.13039,5.52226,2.86848,9.56726,3.02325,2.77754,9.581,6.91917,3.26671,1.54115,9.84997,4.83749,8.50994,2.11232,7.03134},
{1.15396,2.02861,6.39382,4.0153,1.76827,7.79349,8.14,7.48724,3.88435,2.29079,6.29198,3.8614,7.61241,2.40125,7.31909,2.854,8.85554,7.9653,6.45584,9.94196},
{9.36539,2.30341,5.58218,6.89565,7.79474,1.73323,2.06309,6.88381,3.20323,5.40442,9.53002,6.56594,2.99748,4.51843,4.80702,8.53832,2.13818,1.80965,9.80294,1.79348},
{4.17632,3.67879,6.08967,2.84038,8.00223,2.54419,1.18703,2.90356,3.99536,7.53896,4.45628,4.18012,2.32634,1.39353,9.63196,5.69348,1.46819,7.36305,7.44393,6.5446},
{4.26103,5.03103,4.58577,6.44873,6.89479,8.22421,6.6928,3.41052,5.96931,8.95659,2.57674,6.13187,6.07373,9.80813,2.14874,9.87359,2.005,8.99971,6.1631,5.52402},
{1.01597,7.59651,6.59032,4.88296,6.7822,5.9058,4.08423,3.37081,1.32862,4.0571,6.96113,5.61281,6.09129,2.96651,8.71787,1.15013,5.21082,2.0479,5.73038,5.2622},
{5.02223,2.24301,7.70126,1.50588,8.15484,2.36303,1.74134,1.4211,6.38732,7.0009,1.26867,3.00061,1.4799,3.36092,5.46264,5.71661,6.01744,8.39544,3.17156,9.35158},
{5.89986,6.11158,8.70836,9.7101,5.60482,4.5914,1.73616,3.31921,1.32637,7.10858,3.90599,7.19041,4.65138,3.8277,7.53078,5.98963,6.20015,2.43031,3.40858,6.6237},
{5.9646,7.88627,8.52515,7.13914,1.42905,9.52855,4.02406,2.4257,1.63692,9.19946,1.22449,4.30245,1.44628,6.01254,2.21265,7.52563,3.85003,4.91634,2.66651,7.99566},
{6.85257,9.52567,6.44521,2.68849,4.61481,4.58106,1.10724,9.39204,5.35759,1.64665,9.25471,6.58184,5.69778,6.57746,8.55535,4.87359,8.70971,2.36881,9.81096,2.26188},
{2.64497,1.58898,4.28115,8.20709,5.25653,6.89677,5.83243,9.89324,9.3678,7.20486,2.70683,1.89925,2.88675,3.3368,6.87028,2.17886,8.65933,5.93369,1.62984,7.2383},
{3.9594,2.3164,8.16205,2.57977,7.56072,3.22279,1.70941,9.44057,1.2169,9.95698,2.79094,3.32467,5.15206,6.56723,3.25805,6.57306,5.13986,2.56704,4.91319,1.09798},
{2.84792,6.10948,4.58112,7.17563,2.10603,7.67052,8.86801,4.31478,6.37265,7.71735,5.00188,7.1213,8.03469,4.45962,8.91946,3.77057,5.61847,5.56875,1.10819,9.97509},
{2.84924,5.48864,1.7884,9.51723,6.2171,1.67751,7.87113,4.26052,3.34775,3.58962,2.89153,8.57838,1.53323,7.19836,6.32156,7.41801,6.39128,2.54691,8.12269,1.22014},
{8.71234,9.68086,7.75338,6.36857,9.25127,8.89963,8.97927,5.49333,9.07674,2.96065,4.29664,5.52262,2.72924,6.85515,6.8439,7.66901,9.1992,4.17179,9.70778,7.64158},
{8.62132,6.17937,8.02835,9.00288,2.87115,6.60668,5.30543,8.22968,4.08961,9.18281,3.53437,5.73121,8.92688,2.82686,1.39413,3.05678,1.90167,9.33553,7.64278,8.8783},
{7.08006,5.02414,3.32715,5.88726,1.958,1.67162,8.99844,5.82776,8.72694,7.53635,9.1841,3.65589,3.36545,2.59271,9.67804,8.83158,2.50177,8.53094,8.12933,3.60218},
{8.55227,2.89619,4.13961,1.17427,2.02146,5.94802,4.85415,2.86244,2.80585,1.09126,7.8223,4.40717,7.83471,7.13426,3.37109,9.84329,4.99914,1.53741,7.47829,9.72274},
{5.49722,7.24026,7.67271,8.36526,2.28634,6.09551,6.21881,4.09813,8.67047,7.37303,8.34541,5.96511,8.54364,5.8788,7.50916,8.87922,2.55256,7.78746,9.84292,5.68016},
{5.0915,2.45936,8.20966,6.54068,2.87962,7.43533,9.36157,2.20342,6.6541,5.47882,4.54542,8.88293,3.98171,2.63203,6.63486,3.93639,4.27034,4.11306,7.59125,3.78283},
{6.65535,4.45307,3.28195,7.58045,2.35715,1.69935,6.01691,8.12878,6.01544,4.90822,9.55991,4.35673,9.00406,7.24468,6.80664,3.78491,8.83921,7.27193,5.66632,5.54389},
{6.76638,3.51791,1.36176,7.09086,3.45574,2.62429,7.27469,7.36895,8.4662,5.60144,4.24716,4.62368,5.67425,7.48159,5.20564,4.67971,3.43564,1.31782,7.79018,1.88835},
{7.92473,2.90895,2.67037,3.68358,1.5224,2.23045,3.23876,1.38855,4.38408,9.48061,5.05312,8.73246,1.63151,1.54257,7.34895,3.18331,2.11656,6.62984,3.62485,7.08064},
{6.85231,1.61728,7.92474,2.13112,6.05802,2.96957,4.35864,6.52532,3.27528,7.12914,5.00925,1.59356,9.1282,5.77902,7.73761,9.81521,7.22091,8.73871,1.6946,8.41782},
{1.28499,5.83313,8.46913,9.21756,5.73341,1.85944,7.27898,4.16001,8.03224,2.58056,2.05305,8.86318,5.25386,3.43285,2.65057,7.64817,8.59986,7.95943,9.53355,7.00863},
{4.49176,5.48884,8.36699,5.17707,9.04222,4.63566,6.31788,7.07446,4.31381,5.13729,4.90772,7.11191,9.72875,5.01404,5.85552,5.76703,2.64493,1.66303,7.93079,4.35316},
{5.06453,1.80605,5.24089,2.47241,7.41291,7.08501,9.29278,6.6618,5.19053,4.65713,9.66877,5.083,3.56686,1.32568,3.88614,1.96778,9.03082,5.67478,3.2268,5.62051},
{5.78583,6.73324,9.08199,5.00411,6.53841,5.79893,6.14712,9.11851,8.67561,2.37282,6.86789,9.85974,9.74503,2.34323,4.89989,8.7423,1.26342,2.18178,5.24548,4.21156},
{9.23649,9.46427,5.37117,3.70247,7.56449,1.99345,2.64557,3.88211,9.5523,2.37296,1.18621,4.8885,1.66571,6.18879,9.80855,3.47386,4.50259,7.93592,4.11706,4.6071},
{8.78956,2.52607,6.02707,6.32044,4.51336,3.36919,9.50817,3.41613,1.56425,4.18339,2.33234,7.95301,1.84553,8.5494,1.50728,9.93414,4.27572,9.86496,3.73087,5.33726},
{1.45675,9.72958,8.69937,5.09019,9.00346,1.4527,1.82645,3.32407,6.90051,1.97647,1.36391,6.84624,7.70044,6.99358,4.41284,1.54751,5.12133,7.42397,2.01576,5.46042},
{7.83226,7.41482,7.78781,3.15132,6.6591,9.87071,5.79734,5.34955,6.09617,8.86495,7.24506,5.23116,4.65538,8.53887,4.13325,2.89145,2.07232,8.18254,9.4761,2.28983},
{2.08358,8.80785,7.20058,6.27422,2.58914,2.25146,8.45218,8.65086,3.96878,5.64333,1.01494,5.60543,7.98267,1.77564,3.55552,8.72108,7.12674,8.19857,4.45583,4.50593},
{4.3306,4.40219,4.97456,5.5742,3.63057,1.85679,2.6434,9.96161,8.08257,4.14821,3.45534,9.57661,7.00658,9.02064,3.80933,1.37566,2.94362,4.92617,5.44984,1.30601},
{9.56819,6.146,3.92413,4.63796,4.21534,4.54995,9.10589,4.56251,3.4685,5.80807,1.04821,5.61189,8.68449,9.37903,9.03164,3.156,9.51278,8.62514,7.85653,9.52911},
{8.41213,9.01268,7.47644,2.84483,7.00423,5.78302,4.00069,2.40784,3.4888,4.23789,7.47665,2.16052,5.86066,6.68865,9.86035,3.55459,4.12094,8.01282,5.63745,7.44348},
{4.31713,4.60907,5.14404,7.6492,5.52355,3.36386,8.80339,6.86871,6.16788,4.9283,2.2868,5.63758,4.71307,2.54766,5.33021,3.85116,1.85854,2.60412,2.31906,7.53866},
{4.99119,3.73585,9.80598,7.85281,9.48708,5.8739,3.13668,1.02541,8.3783,1.86698,4.03464,5.66418,6.8094,6.30319,3.08414,5.36976,1.01143,2.12308,8.80285,6.48964},
{1.48892,2.71887,1.27847,8.22845,7.78381,3.03467,6.61315,7.55314,8.72941,7.40755,7.4724,6.97723,6.35116,5.85071,3.629,5.29466,3.27214,8.2294,7.66687,8.45954},
{5.68549,8.29527,6.95439,7.02944,2.9286,5.84483,9.2894,1.16605,1.27114,9.02141,5.25537,5.43394,4.25137,1.77705,1.57566,5.09205,7.9931,4.9,6.86533,2.01002},
{1.89887,3.83654,3.36809,8.57928,1.71129,7.28696,3.448,3.05241,5.1621,7.0275,3.14329,5.30394,7.13863,4.77129,9.62989,8.44112,8.29131,7.26708,2.34752,6.46766},
{1.92582,8.89307,6.73704,5.72123,9.54572,9.9662,5.12241,6.67651,5.52829,5.81657,3.45406,3.75125,9.79289,5.09495,2.13247,1.3292,2.48644,2.19815,2.36927,4.40639},
{7.63855,3.78363,5.7539,4.5093,6.76714,8.89542,2.77335,4.78724,3.52391,6.68078,7.23833,2.81717,4.90811,4.85986,4.07711,3.55313,8.94144,3.67141,8.72906,7.80345},
{6.72765,1.38812,6.00019,6.83753,6.77739,6.50856,4.03225,2.85619,6.64255,9.16962,9.66699,1.50427,3.95817,3.84422,9.8295,7.8013,8.06564,9.80236,9.08866,4.69221},
{1.98062,2.4833,9.02247,6.8145,2.55079,1.58198,2.15137,8.15395,1.43752,5.37191,8.71252,9.74894,3.5789,8.69591,3.24195,4.19014,1.11915,8.59343,5.30046,1.41305},
{1.94115,4.70556,2.84023,3.52393,2.93522,2.6824,2.45335,3.5559,3.08355,5.38159,5.61126,2.16718,8.7558,6.22778,6.76479,2.22253,1.34501,9.39727,5.37856,1.78519},
{4.80471,2.90849,5.59013,4.43854,1.24391,2.69227,8.4496,7.26399,1.10162,6.37933,6.60768,5.36989,9.78778,8.50574,9.22296,3.90384,6.03748,7.9312,9.20995,9.93948},
{8.1766,4.54692,8.06113,7.06303,2.02269,8.98632,3.11793,4.68971,5.11862,1.62663,5.12067,4.01056,2.87853,3.66772,2.09211,4.59826,8.23522,9.20001,4.28529,6.93321},
{4.11257,9.4351,8.22563,8.99224,3.68765,2.53793,8.90627,4.33417,8.38446,2.02599,9.64224,8.81056,7.22988,8.0247,3.43468,8.40716,7.86012,2.16299,7.95007,5.67676},
{3.43801,7.67958,2.62429,4.18063,6.646,8.30925,9.0331,4.23661,8.32727,3.57302,8.91604,1.04816,2.48683,5.24704,1.01312,4.67366,9.06081,4.18624,5.57203,8.97967},
{9.95982,3.38264,3.49049,7.71114,6.23418,9.42112,7.18696,4.60262,3.19254,4.63726,3.6178,6.73706,7.52538,9.40035,2.30281,1.3139,9.83477,7.64386,5.21146,6.85125},
{4.42998,9.35811,6.56158,2.49483,2.7818,5.31277,6.38,2.26545,5.42367,5.59038,3.46451,7.46805,6.8994,7.38401,1.2573,2.02527,9.79373,6.83874,9.13328,9.86253},
{6.98044,2.43013,1.68115,6.13351,1.92268,9.00618,1.0585,5.35882,7.05774,1.01212,8.85377,3.83006,2.94912,9.88064,6.04008,1.95753,6.87242,5.11219,5.9831,7.91451},
{7.24897,8.22621,1.16271,2.76573,3.32221,4.43373,4.03868,4.31338,4.36865,8.49879,6.26463,8.51342,6.98862,1.18499,3.8753,6.94551,2.31204,5.84671,5.99028,2.99247},
{8.14884,8.47686,5.26458,6.17199,7.59848,6.55414,2.83529,6.31779,9.29075,6.73671,8.46779,6.92518,1.09582,5.87932,8.44966,2.64202,9.21519,7.68455,7.42348,7.09136},
{7.7596,5.32012,3.30696,9.39584,6.62918,6.25139,9.95588,4.8693,2.07584,7.5902,2.06669,2.00886,1.38789,7.85763,2.36882,6.10071,7.52059,4.21141,6.3298,1.04173},
{5.36874,6.32812,5.69704,7.9415,3.49749,6.46038,9.83005,2.35966,3.7594,1.50223,7.98195,2.4226,4.44091,3.11411,8.27446,4.99482,6.36025,2.7551,8.35151,8.22183},
{3.6899,7.43267,8.29916,9.40854,8.58244,9.427,2.6726,1.46648,6.50273,9.91078,4.19964,2.51858,1.75948,5.09937,1.68879,4.92659,3.58948,1.00245,8.17248,3.90917},
{8.87117,2.74669,7.07009,5.91858,9.32512,7.81748,5.5445,3.82937,9.15289,7.41778,2.87998,7.14351,7.81858,5.63857,4.6573,3.20318,8.42007,1.95222,5.69411,3.41335},
{9.12733,4.77189,3.9083,2.13041,2.562,5.89243,5.21663,8.39606,2.73078,6.87714,8.42063,4.85965,3.20223,3.33432,2.85699,4.72477,5.09072,2.0351,6.02403,2.9182},
{5.44009,4.76088,3.05574,6.42151,1.08823,5.73183,5.88497,4.47198,3.33077,1.19693,5.38846,6.68125,8.61625,8.84341,9.98945,6.41807,2.2583,1.02243,5.42044,8.7436},
{6.50606,9.80307,5.06784,7.05902,6.57483,5.01317,3.40552,2.59289,3.3392,6.87484,2.5044,9.72355,5.79508,4.77034,6.88526,4.28805,3.62177,9.99167,9.41399,1.48911},
{7.22645,3.51586,8.47268,3.25666,1.37544,3.68374,3.75548,8.64195,9.40688,3.71844,9.66196,8.51923,9.4044,7.18807,8.52967,5.31231,8.67304,3.2709,1.2936,2.16028},
{1.33068,4.24623,6.20003,5.40796,1.214,2.43947,2.13437,5.79956,1.77351,6.14341,4.67769,3.27692,1.81201,9.94952,6.89793,2.84904,6.69818,4.92018,7.80152,2.48873},
{4.51209,6.15717,4.32783,3.01571,4.9008,5.08974,6.43097,4.44016,8.0762,6.49375,9.64037,9.85726,6.50949,6.79332,8.4002,9.61629,4.32275,6.59129,9.55138,7.69765},
{6.93911,4.49255,4.47326,6.31837,9.36274,1.38917,2.00496,3.85377,1.25469,4.48588,2.9715,1.46819,9.67512,1.10941,3.48355,6.068,4.66532,3.22976,1.30586,9.65738},
{8.68812,6.5938,2.91949,1.99774,2.07908,8.29476,5.76131,5.64469,4.83337,6.93378,2.72248,4.07487,7.72107,9.33767,4.96479,9.36182,7.74682,9.99626,8.30248,1.74965},
{2.98604,6.59691,4.14948,5.84677,5.54712,7.00968,6.29451,8.33235,7.76073,6.30329,8.63162,4.02093,3.04072,7.56497,1.04964,5.93606,8.08735,2.75489,9.13479,6.99942},
{7.07623,9.24812,4.55374,5.16996,4.85635,2.68962,1.72788,3.98867,6.94354,9.38251,4.41011,4.80403,3.51412,6.05606,8.52146,7.41349,7.66028,5.79353,6.53466,3.07051},
{2.18096,1.05084,4.15848,2.65768,1.08886,3.46511,3.09345,3.96538,9.43491,4.48772,3.62286,5.95035,4.88631,3.40326,8.40579,5.93485,5.8288,3.77905,9.25451,8.30874},
{2.60594,7.59013,6.12386,7.35655,8.92454,1.99051,2.12934,8.9975,2.8883,8.9102,2.52334,4.23049,3.41877,2.50093,9.61553,2.05216,8.8612,4.80186,4.06898,3.03611},
{3.89145,5.24476,5.9211,1.27531,2.83328,9.28987,8.13931,5.77232,8.36024,7.52488,2.40835,4.7005,5.99199,1.20202,9.71968,4.28855,4.4475,1.92841,5.09098,7.76199},
{8.78407,8.16765,5.27516,6.77163,7.77105,4.44391,8.76171,8.88784,6.43088,4.51605,4.73546,2.5678,7.31264,6.55852,8.24835,3.98731,7.61666,5.40184,7.8236,1.92205},
{6.28945,5.04535,2.037,8.78917,8.17343,6.50946,9.58407,4.22468,4.20991,2.66656,1.17208,7.00479,3.96173,6.89827,1.63215,9.19409,2.10356,5.92057,3.49358,4.3129},
{1.88123,6.35604,6.08274,9.58382,3.55051,1.11081,8.19842,1.5908,5.77411,7.90074,7.74361,4.68641,2.84424,5.11265,3.29316,5.35921,7.59016,7.08319,7.76062,4.07471},
{7.34482,6.07354,5.91124,6.11026,2.51404,7.4856,1.06071,3.33199,1.46678,1.49019,5.02178,9.05653,7.75916,1.45602,8.17076,8.93992,3.23772,3.53299,7.33887,7.54751},
{1.35386,4.21594,9.52389,5.50805,7.54636,6.97156,6.22839,9.28272,7.93471,6.0712,4.52562,9.69178,6.93797,3.61462,5.61792,3.73095,3.91873,2.28672,9.11519,2.18277},
{5.94704,5.98343,9.30817,6.10356,6.21198,2.22795,5.2425,4.56776,9.73677,6.83576,5.91594,6.41403,2.38038,5.50218,5.24757,4.12725,4.77515,7.79017,2.36504,6.0926},
{3.62398,5.72632,1.79504,2.48108,1.36307,3.417,7.1285,1.18191,6.35701,1.57017,1.06854,4.78309,2.28068,1.98877,3.93351,6.58287,9.66153,6.05647,8.71387,9.53757},
{7.23982,3.34267,8.02796,8.95923,5.19915,7.2938,2.62397,4.78697,7.09622,8.41533,9.11158,8.89795,1.53864,2.57691,7.65632,7.70512,7.04751,2.77355,9.33501,9.53984},
{4.62393,6.43709,3.06031,3.00264,5.19586,4.09044,1.30835,8.1008,1.23678,9.58938,9.74661,4.83555,3.84693,8.6983,3.42554,5.12787,1.38132,3.98402,2.4351,1.92198},
{1.81156,7.56852,8.78922,5.41328,6.33399,7.75237,7.74011,9.98351,2.38674,7.93032,6.22836,5.19517,2.57184,1.30889,3.96673,8.00246,9.43068,1.24528,2.3045,1.9323},
{2.65803,5.85108,7.03173,3.97818,5.56222,7.77763,1.51274,4.18836,5.87072,2.99814,3.9532,6.51554,7.6578,3.33914,2.83784,1.25191,7.19527,2.00308,9.35465,4.50126},
{6.03111,9.30003,4.61342,3.60757,3.77553,4.89407,5.18596,9.89091,9.78019,2.54487,8.81126,2.93804,5.89132,6.12722,9.21909,5.57,7.1323,9.71808,8.88548,6.91597},
{6.60353,3.80117,1.06507,8.22522,8.23723,2.28725,4.23988,4.24012,8.65009,4.22479,8.81429,2.26025,5.54125,3.83475,2.55926,8.99823,9.92653,9.39162,9.05699,6.9481},
{8.20192,9.35903,1.76441,3.30495,4.8836,9.48806,5.67722,8.43544,3.76697,8.26639,7.35522,2.23118,4.18322,6.65417,2.43725,1.55706,5.96958,7.96602,1.78539,5.21145},
{8.06552,7.22024,3.6594,1.90923,9.25272,4.71597,6.24477,2.2481,8.15637,5.24252,7.63527,5.11025,4.53754,7.05635,4.43575,8.4913,6.37419,5.7152,5.89088,3.88117},
{7.1422,2.77626,4.36717,5.34496,9.43366,3.6143,3.91943,3.83971,4.91056,7.92744,6.47068,9.486,6.01293,9.13648,1.33076,1.25447,9.83545,4.0675,5.85394,1.52335},
{1.66684,4.61135,9.63789,2.14389,9.65448,4.15564,1.28286,3.91838,4.82189,9.84769,7.63568,3.12973,4.06295,9.3285,7.60482,2.40739,5.50574,5.99591,8.19548,1.06653},
{6.55367,6.68387,3.76293,4.66985,2.10464,9.13584,5.39183,7.04226,5.32102,7.87685,5.2761,7.04715,8.42076,1.19206,2.04186,5.74436,3.02294,4.9689,7.67577,3.25082},
{2.5098,8.35144,5.65379,1.94031,3.07043,8.7486,4.84494,3.63184,8.14078,5.54678,7.97124,8.06036,4.67132,3.71002,2.44641,4.88885,7.19649,6.62372,1.81108,2.23267},
{8.86415,1.1955,9.99279,1.22526,5.45525,2.40663,8.83837,8.68615,2.76197,6.56138,7.63666,5.5381,5.82009,6.365,8.01742,6.06487,3.08927,8.01538,6.7395,2.38531},
{5.05718,7.96753,6.68228,4.88835,4.13093,2.95901,4.57196,5.55604,7.89376,8.50087,6.41341,9.46306,6.61052,2.79661,2.45435,6.32001,9.974,1.19381,5.1307,1.13726},
{6.27487,1.21381,9.99981,8.96034,5.8043,5.87422,8.98819,5.73685,7.19281,3.89211,6.20599,2.25981,6.14221,9.4715,9.59691,2.61692,5.56143,5.36348,1.94424,1.72765},
{8.33938,2.10969,9.14306,1.18801,1.32289,2.83932,3.37486,1.79635,8.43483,4.16019,1.00229,7.97436,4.83653,7.09443,8.88271,9.52227,8.77503,4.06915,3.54109,1.2375},
{1.40327,8.92647,1.8684,9.44739,3.79216,4.59156,4.08112,4.21472,4.30342,7.86721,9.85349,5.84547,6.38908,6.09371,1.77958,9.53874,7.62869,2.58315,6.66923,1.80983},
{1.4829,2.32233,8.40419,3.98852,9.01993,7.23025,2.84142,3.2966,6.38522,8.19386,4.66114,8.19753,3.27743,9.81238,9.77625,8.62054,6.26672,2.91785,6.47518,8.03939},
{5.12721,8.73149,6.13151,4.65392,7.90147,8.18935,7.92717,9.88549,9.23405,3.94277,9.80506,2.68443,8.70399,3.97008,3.55705,2.0325,2.47517,9.21364,2.91445,2.35367},
{6.1423,8.05101,4.17308,2.7701,3.53295,9.30349,6.1703,4.15316,2.2956,8.1951,7.45156,5.94594,5.1622,4.5389,7.19816,5.31174,7.3059,4.22936,4.16717,1.90882},
{8.93768,2.58899,6.611,4.55775,3.66021,2.78773,7.13438,5.87321,6.46998,1.23127,8.15321,2.25478,2.6382,6.17858,2.82366,6.58776,9.1067,5.80621,6.1097,1.4554},
{4.93485,7.2844,1.15027,8.63925,9.75637,5.90443,4.94932,4.7209,2.22172,2.08622,3.30494,4.91452,8.85906,6.32909,7.26418,2.75423,1.88938,2.39297,7.20461,7.48843},
{8.49147,7.34207,8.28675,2.90448,3.0804,6.78549,4.44518,4.01728,9.89051,4.83458,7.23057,1.97389,7.42127,6.37627,9.91127,3.01256,4.92237,8.17838,5.88899,3.81672},
{8.52777,3.41092,4.35459,9.4832,3.12325,3.15436,1.60105,3.16868,7.22672,7.82013,2.37229,2.62461,6.91411,7.10028,8.5379,1.58673,1.93517,3.1612,3.45909,6.26433},
{2.85915,6.46079,9.59024,9.97551,3.81381,8.53912,4.35855,4.46346,5.36871,9.88404,1.77328,5.70934,3.91829,2.69392,2.80813,6.18744,1.20883,7.36799,8.36891,1.23248},
{2.14011,8.89786,2.06912,4.18311,6.64157,4.70204,7.13903,1.3764,4.85085,4.86489,4.97384,1.4845,2.28368,5.47549,5.31785,2.6639,2.22458,8.63894,5.42948,4.38516},
{5.42974,7.12394,7.01097,2.50754,2.74036,4.46047,2.12497,5.45918,7.58652,5.97941,5.08929,9.06224,6.30781,4.26609,5.84022,7.6836,1.28864,1.72863,6.53849,6.20484},
{1.98104,7.49128,7.23691,7.01573,3.23966,2.66179,2.69774,7.79383,5.76843,4.37286,6.02615,7.59827,1.00161,5.75894,3.19443,6.44332,5.18279,7.13728,5.80034,9.44294},
{9.88492,9.74959,1.80231,1.26312,7.88079,2.17165,7.83801,4.46266,4.66025,7.3177,6.09723,7.45412,1.19233,9.61562,5.26141,5.25707,5.31615,4.86845,3.36522,7.29329},
{9.36543,1.77476,2.34944,9.11681,9.22439,8.46121,2.26629,9.73046,6.78519,7.4214,9.47262,6.61727,5.02521,9.7487,8.0743,3.27524,4.54909,9.21444,2.74721,4.17589},
{9.25322,7.16271,3.25473,8.92446,8.1112,3.46061,1.02614,8.65437,6.24102,8.66737,4.89376,1.75913,4.19018,5.37267,7.31492,1.87731,7.5048,3.92833,1.88436,5.87829},
{2.31036,6.07153,4.85691,7.79408,2.0357,4.39832,6.30398,9.52026,6.81682,5.62529,8.75856,2.98139,5.12896,6.13959,7.3228,3.06018,3.2321,2.00838,7.82548,9.45066},
{5.7805,8.22806,3.25301,9.97213,4.88427,7.92256,4.60295,4.84376,2.05027,7.8838,9.09738,2.44928,4.72951,4.24669,4.64707,6.9582,1.27587,3.00988,1.05991,7.93798},
{7.02145,2.84118,5.56343,6.09272,9.21702,3.77489,5.17158,5.8574,1.26508,6.69164,4.78018,5.02208,8.25662,6.37558,6.75708,4.99465,9.16732,6.22806,5.93772,8.4658},
{8.80116,5.48418,2.63853,3.37185,2.9423,2.07848,4.33312,6.07017,8.52745,9.40316,7.7308,2.72527,3.67876,7.73767,3.19059,4.40151,8.17633,1.97615,6.92186,4.50943},
{6.14561,9.68781,6.72255,7.80721,2.12796,8.98084,4.75834,9.38737,7.15678,9.29068,6.7573,8.3898,8.46332,1.02613,1.22263,4.98501,4.93598,6.24897,9.21036,3.6689},
{6.46304,5.15664,9.75908,7.96817,5.04489,2.4285,5.28476,8.44497,6.55146,4.48885,5.60852,3.86472,5.2233,4.94774,1.29068,9.70439,8.732,3.86373,7.67762,5.01174},
{7.55658,1.4631,1.44053,9.58624,7.88206,8.20589,5.07856,3.60076,4.20008,1.80001,4.33581,7.70414,5.68989,9.6208,8.88276,4.29905,8.60064,8.13618,6.87806,3.53701},
{9.91734,5.49286,1.4015,7.28564,3.82571,7.69848,4.66023,2.82524,2.09386,4.33832,6.08344,7.42148,2.22609,4.47125,2.69667,4.36754,2.9596,4.00544,6.84785,4.44728},
{6.40727,4.27555,4.32079,2.30263,8.11555,5.7536,5.17883,1.56005,2.72208,9.88703,9.59853,6.21641,5.29352,3.24955,6.88519,7.18111,9.68896,9.47193,5.49694,4.69896},
{7.69856,6.17254,2.10642,1.17973,9.25956,6.22047,2.96993,2.81729,5.65541,5.49862,3.23678,3.98322,2.88979,6.31573,2.89301,5.30533,3.43283,6.05363,9.46945,1.55032},
{6.74819,9.53047,6.29843,7.03045,1.93918,1.7889,8.34316,1.66632,8.11731,3.71207,8.51794,3.67938,4.2528,2.92583,1.9538,6.06949,7.4937,5.32524,2.61053,6.07447},
{6.1285,2.20024,8.60685,7.37672,3.29111,2.32239,6.44188,1.174,7.45655,3.77073,8.44022,5.3547,2.31577,2.4327,5.36527,7.79036,8.39977,2.03436,1.5236,7.3912},
{5.50373,1.70244,1.91085,3.17082,4.10745,6.22069,6.94172,9.35326,2.66685,8.14755,5.48924,3.05739,5.50999,6.58537,8.33919,3.58345,9.20733,9.7911,5.57978,2.31209},
{2.33281,3.09618,9.40312,5.41163,7.92919,7.46516,7.71713,4.85082,9.80494,9.10245,9.72065,5.03423,1.34395,9.10547,2.85607,3.49782,6.96459,4.95528,8.5651,2.00886},
{7.88987,6.05998,4.44206,1.77544,5.67398,3.67628,7.95724,9.96522,9.12522,1.05644,6.97658,9.46517,2.14236,7.49613,4.6854,5.19468,3.95899,8.45702,2.95284,4.66829},
{4.02926,9.11522,8.57375,1.74668,8.31999,3.46968,7.00855,4.38342,8.59139,6.56147,3.8614,7.32782,7.78599,2.82202,3.91443,1.37262,2.25599,9.07657,4.48237,8.22869},
{2.67627,6.79126,4.6787,8.62862,2.91094,2.73822,5.41599,5.51102,3.93563,1.08283,2.63671,9.30902,8.74797,6.02661,2.95761,9.92179,7.50455,8.29494,6.44368,6.70156},
{2.56017,9.79141,9.48501,8.42511,7.8656,2.49222,8.77861,6.46838,9.61965,4.17542,8.55808,2.7771,3.36556,7.55763,3.09009,3.1984,5.61346,3.66191,7.55033,4.18457},
{2.57223,3.51657,3.63097,7.79827,6.57908,1.17138,9.7874,9.05826,4.11653,6.38429,5.2851,8.70501,5.06491,3.57132,9.17501,1.38575,3.83014,9.71767,7.39573,4.83394},
{9.73436,1.60133,7.44286,3.65938,8.69996,1.79063,1.85443,3.87749,6.92739,7.58633,4.13119,9.70224,8.08171,5.52356,6.16297,6.44403,9.47398,6.44881,9.47548,6.37346},
{7.65168,3.25631,7.89098,2.67538,3.70949,1.65781,4.15582,6.27182,1.6321,5.59603,1.14429,2.87322,8.11064,3.4694,7.24475,2.93226,2.13979,6.71168,1.29586,3.54093},
{8.35603,4.54141,8.37426,6.81175,4.96382,6.47935,7.80265,5.57373,4.60841,8.90239,8.39687,1.10794,5.27714,1.10079,6.29614,1.01945,1.80378,9.22199,6.12662,3.91158},
{6.60914,9.26038,6.79704,2.31606,1.69652,5.29453,9.68832,8.25706,3.32266,9.89071,5.59783,5.20837,7.67942,3.56041,3.27051,9.00549,1.10427,6.11473,2.80133,6.49086},
{5.31591,6.99507,7.46014,9.42615,1.46583,9.71227,7.00477,6.41289,9.21585,1.56993,9.12016,2.45814,3.58908,2.44564,8.09923,9.36546,2.47551,3.76822,8.47387,6.84209},
{8.9842,7.65287,5.07051,1.86756,4.09594,2.38858,9.08736,1.01428,7.70542,7.30851,1.00375,1.12384,7.99969,6.78367,9.02313,4.1272,1.63349,5.43655,1.54854,2.30868},
{3.79112,1.00107,3.42158,8.93378,3.75293,8.2937,4.41052,4.12719,2.64761,5.29113,9.04759,4.393,5.8633,4.56735,1.68432,3.73744,3.60064,7.47656,1.58699,8.87298},
{8.6045,3.12004,8.99034,5.34299,6.32374,4.80154,8.73625,7.84048,4.75122,9.63998,6.91013,7.06358,8.08951,1.05732,9.46919,8.05255,4.20757,9.80097,9.90734,3.68298},
{6.95662,8.33503,5.19438,9.41159,1.20389,1.32267,2.34329,5.95616,9.37121,6.86883,1.33688,9.86944,1.69249,7.87918,6.79327,2.68601,5.19999,1.28374,4.75284,8.08757}};

static const Matrix restrictions_aux = Matrix(restr_rep);

static const Matrix restrictions = restrictions_aux.transpose();

static const std::vector<float> costs = {461.017,969.026,188.547,358.851,128.928,51.9001,534.384,876.477,858.679,68.2288,242.764,136.978,554.086,684.93,571.563,122.733,855.086,399.839,798.721,187.775,708.915,887.508,643.065,233.883,46.363,977.002,678.381,554.921,895.935,336.718,720.199,444.293,297.66,726.197,919.144,130.309,249.952,548.888,25.6252,322.526,27.0658,719.073,259.769,472.399,490.644,776.669,926.605,295.871,281.276,951.336,429.23,121.096,863.499,662.585,76.2498,946.422,467.677,728.72,811.845,550.193,557.634,76.3476,541.795,259.248,676.836,283.185,612.077,408.689,898.525,904.342,687.459,43.1682,193.389,521.981,875.353,612.312,948.441,695.127,71.2761,967.591,615.938,292.55,274.393,446.851,234.696,399.362,765.273,302.735,431.995,866.353,609.583,620.461,865.235,644.797,968.301,136.585,756.989,124.158,124.848,422.203,615.11,642.841,112.359,316.554,428.125,284.84,696.024,310.636,450.735,585.099,200.82,748.985,66.0116,166.313,199.51,546.254,51.5928,977.035,874.308,874.204,211.286,834.867,838.39,86.4678,656.736,866.799,133.318,653.42,973.714,411.391,340.654,147.561,50.1299,333.602,687.92,453.819,800.53,755.036,764.302,596.966,443.648,450.478,470.032,113.617,154.937,199.418,682.056,989.174,471.453,705.238,533.525,995.184,486.968,202.466,87.9952,219.7,905.007,190.364,678.746,363.821,715.581,138.675,757.338,478.789,287.594,485.409,195.921,337.963,573.439,979.631,435.745,573.254,588.236,566.33,284.164,705.054,143.923,309.412,355.023,562.61,483.912,282.567,531.303,453.174,837.38,701.658,773.433,411.297,400.436,871.802,259.539,977.829,792.9,436.63,220.163,42.1457,835.98,154.074,29.7126,89.8864};


static const std::vector<float> min_impressions = {175.943,118.15,155.3,145.526,44.0212,71.1169,108.666,44.2203,158.492,192.949,34.7679,163.903,59.4977,81.4311,23.383,182.797,127.153,125.738,62.7202,40.3044};


#endif
