#ifndef PROBLEM_H
#define PROBLEM_H
#include <iostream>
#include <vector>

#include "matrix.hpp"

#define APO

static const int media = 100;
static const int segments = 10;

static const std::vector< std::vector<float> > restr_rep {{7.68122,5.94241,6.8561,9.02296,7.58898,3.79845,8.69397,4.19219,6.38745,7.10205},
{8.13288,7.18761,8.80279,5.74147,5.08984,9.94693,2.85905,7.79339,4.60343,5.89686},
{3.49563,6.11829,4.90162,2.964,2.86427,7.94193,3.90693,7.41784,2.40197,3.28345},
{9.01432,6.32557,2.22593,4.60422,6.24911,8.0427,8.29766,2.93301,1.58439,4.80999},
{1.18489,9.13105,7.12677,6.41775,3.56615,2.25899,9.69483,1.64498,8.12623,1.53428},
{2.88958,2.34016,9.37977,1.62178,2.31843,4.44641,6.63273,2.65006,3.85007,6.98494},
{8.3795,9.85889,9.36291,1.54996,2.85868,5.8648,3.27381,4.75541,6.83673,5.00103},
{6.80313,1.75488,1.89015,7.09571,1.39891,4.76628,9.47092,2.99942,6.39891,8.77431},
{8.84339,3.95525,2.6893,7.44279,3.12854,1.08613,2.38612,9.49966,6.74036,8.22129},
{8.25912,3.43239,2.58029,8.76262,7.81782,6.50412,8.62351,7.97661,8.91393,8.63559},
{9.16547,8.28646,6.11389,2.80135,3.83989,2.40727,6.92065,7.48263,1.85462,2.65616},
{4.24847,2.86409,4.75372,2.0087,4.68657,6.55483,7.41601,7.96031,1.58299,3.21201},
{1.2723,9.22383,8.18198,2.67763,5.51481,4.6171,1.4689,2.11343,2.36316,1.1053},
{7.00205,9.88333,7.89023,9.7891,6.37966,8.31517,8.65407,5.01321,3.1226,2.47497},
{2.36093,2.36208,8.97375,2.37276,2.64952,3.47373,4.40847,5.03787,2.0451,4.60474},
{7.53702,3.66666,8.94157,8.44321,4.87327,3.96515,1.19437,7.07613,8.82675,8.13229},
{5.40241,3.33034,7.76632,6.82593,4.6408,1.41146,5.34547,2.74626,2.35194,8.36201},
{3.28097,9.87902,2.04368,1.04777,2.13502,3.94421,5.89861,1.97235,8.86084,1.86682},
{4.93908,4.39417,8.2797,8.44577,4.72955,8.61917,7.91216,1.75052,7.53703,3.48507},
{1.49657,9.5886,4.94148,4.28985,4.60949,9.77943,8.7816,9.00919,8.98296,8.08182},
{2.48642,9.41358,5.29102,4.39502,7.21064,7.62271,4.62767,7.19416,2.17489,5.33732},
{7.51855,1.31009,4.52168,2.99875,2.43962,7.43615,1.37522,9.69053,2.36335,4.1499},
{9.65029,8.55511,6.51932,2.80577,1.61262,2.55253,3.8864,1.54709,2.34173,2.47013},
{5.26535,8.97685,1.255,9.94205,1.67023,5.58655,5.88983,3.39827,2.57145,3.62416},
{1.56379,2.21942,7.02208,3.67493,5.71322,2.94641,9.02962,9.78559,6.3587,2.13564},
{4.61203,2.02327,3.39081,5.07858,5.46952,2.96377,7.1003,1.17285,2.85379,3.08199},
{3.3878,6.31843,3.48808,4.99269,1.89938,5.03709,4.48107,9.99707,8.93924,4.4264},
{5.1427,1.62411,3.01153,5.51747,6.24879,3.71331,4.84861,7.56228,6.38308,2.27304},
{4.70222,3.05839,5.24551,4.35115,8.84743,9.44024,8.17809,5.13837,2.95625,7.19159},
{3.82411,1.27513,8.96776,6.12426,5.67727,9.65546,7.58211,5.61346,5.00242,7.10744},
{1.78522,2.19243,3.04942,5.28489,3.23537,4.00046,9.06677,6.63668,7.59618,3.66664},
{4.87723,3.64477,4.09044,1.67088,6.74782,9.92027,6.77543,9.86056,6.86137,2.93618},
{6.99628,5.21206,2.04614,4.29884,3.76918,3.34008,8.70573,5.13986,5.2686,9.64547},
{9.72084,5.13,8.00036,8.03351,6.94056,2.00872,8.93721,9.15492,6.15697,2.18134},
{3.06654,3.84775,4.94012,9.57461,6.60366,7.05114,4.47531,4.49324,2.61952,4.53505},
{5.45217,2.62461,8.25534,4.79126,4.91113,7.20696,9.8735,2.62078,7.46846,8.41383},
{8.77246,8.48203,3.30214,3.16366,6.94698,6.45593,9.83477,4.6577,1.47218,9.16716},
{4.39216,1.46227,2.15092,9.46321,5.98507,7.42505,8.0557,6.37855,2.89256,6.68439},
{2.59303,6.1931,1.36207,3.4297,3.56965,2.44653,9.86961,2.4291,3.89326,6.99927},
{2.29474,1.92733,5.23755,7.24756,2.80671,3.1688,6.77274,1.27161,2.89801,2.11077},
{8.54073,4.04207,9.65739,9.63565,7.99274,9.47136,5.89957,2.29173,6.31389,2.10112},
{6.74384,1.24197,2.88892,8.51156,9.28791,1.90218,2.33992,5.55729,6.46086,2.36364},
{6.57135,3.9047,7.92997,9.61178,5.92233,7.39849,5.13841,3.37809,6.86676,1.69532},
{1.21318,9.82069,5.21134,4.32359,2.76228,1.64563,4.53762,8.68612,6.49849,5.2752},
{5.43679,1.93383,6.43213,8.8125,5.93655,2.98136,8.19256,2.64816,3.16334,5.84963},
{9.47835,3.43018,2.56056,8.08651,9.21862,7.96484,6.10578,6.66668,5.55454,3.95664},
{1.4256,5.56157,2.84698,6.8574,5.10483,7.71888,3.05394,5.41788,6.55753,4.16627},
{1.22754,2.89562,1.40426,5.17914,4.60983,8.7239,1.56607,8.52773,1.80891,1.68079},
{9.69497,3.35668,9.29698,8.81169,5.90015,5.67665,2.63419,2.06518,5.39201,7.23623},
{3.67525,6.6002,9.0786,2.18839,7.16986,6.56437,2.80431,7.87333,2.12003,4.04673},
{6.00256,7.87534,4.38118,6.70163,2.94949,1.04514,1.32446,2.0543,4.21132,9.13399},
{4.90462,9.83736,2.75824,4.46386,4.2192,6.95025,8.47623,6.44044,4.02674,7.40996},
{8.71563,8.48368,8.19937,7.05512,9.75514,5.686,9.83737,8.69802,5.45607,4.77532},
{1.13368,2.2389,9.41779,4.11779,8.20421,1.18125,5.59827,1.09898,8.77045,2.48597},
{4.07276,6.02921,9.18649,5.9973,7.43905,3.28308,8.90785,3.01057,4.76805,8.03213},
{1.12112,8.99031,1.89117,6.28506,8.64599,7.51926,8.52863,9.58292,8.35456,9.46459},
{6.73788,2.9017,6.57371,9.19726,1.33842,6.7382,7.25762,2.65605,1.85201,6.02041},
{4.83721,4.72274,4.60511,2.60895,8.99802,8.11959,2.24235,9.71276,8.54673,2.04542},
{6.36684,2.48853,3.32878,4.17081,4.03679,5.34856,7.06561,9.64687,7.74783,2.46728},
{3.70141,4.79557,2.39179,4.2402,6.75326,3.78012,9.81249,2.84112,7.84562,8.56289},
{9.08026,4.42939,7.37374,5.77203,5.85203,9.37749,1.50836,7.6192,8.85057,8.47928},
{1.07674,3.68023,9.28775,8.124,4.95539,6.04172,7.53777,3.6794,2.03772,9.31049},
{6.82059,5.8093,2.39169,2.59792,7.65464,1.41728,8.91816,5.42876,2.99509,7.19653},
{3.88744,2.74953,2.78618,5.25375,6.71019,6.03055,7.07224,6.54607,9.12967,8.2227},
{7.4802,2.90161,7.19165,6.39753,9.69368,8.86307,5.86619,4.29692,1.98533,8.50829},
{2.78105,4.23871,7.38256,6.58082,6.6789,9.52952,6.64482,2.64812,1.11216,4.39017},
{4.98354,1.65674,2.74966,6.61557,1.67863,8.44082,8.53776,6.16524,2.758,7.21455},
{5.39336,6.86618,5.36332,9.02412,7.91857,1.48264,4.06466,6.57256,6.60791,4.97357},
{3.8863,8.17814,4.47301,6.75097,4.45635,2.52506,1.06094,3.30656,6.29562,6.89817},
{8.43573,4.87186,7.31722,2.28916,4.12994,6.3784,3.58906,4.59888,2.18199,4.5757},
{4.42376,1.43853,3.12103,2.82155,3.54188,7.47842,4.97825,2.70948,1.80102,4.23705},
{3.24754,7.62118,8.43715,2.13971,5.59173,9.92386,4.80491,8.49409,6.46848,7.39456},
{6.23117,1.32539,9.29003,8.95103,3.41008,2.79902,6.08261,7.96932,2.97213,3.29634},
{1.26233,6.83382,2.08731,3.80301,3.60716,8.35464,1.1009,3.67836,4.69079,6.9679},
{4.22869,8.38439,9.46963,8.83767,2.33249,3.90777,3.78414,8.97757,9.49999,1.41807},
{9.23366,5.98717,5.80547,9.4291,7.28782,9.91324,8.21527,1.03144,9.89163,6.91063},
{2.29674,1.90038,7.14038,9.27493,2.73333,4.38043,6.54505,6.94344,7.9998,7.33198},
{4.39397,4.34385,3.01705,4.14694,2.99824,2.70716,6.56447,5.14019,6.58047,4.57335},
{5.71675,8.99397,9.39922,5.52428,5.55904,4.64212,8.21747,9.96725,7.92544,7.50255},
{9.76194,3.12193,5.5816,6.76994,4.43542,6.47074,8.83591,4.84415,1.73189,9.86717},
{6.80815,6.38542,9.74566,8.91217,9.99842,1.72163,6.91897,2.014,6.22961,3.08072},
{4.69519,5.21243,5.46317,3.69487,8.98593,5.09898,3.50665,7.69064,7.1401,7.58753},
{6.47539,8.35047,2.6639,3.30487,1.99995,6.90931,2.11897,5.25375,6.39349,4.42591},
{1.119,6.63832,9.02027,2.33859,7.55714,3.32647,1.54304,1.30463,8.16934,3.36532},
{3.72396,3.78672,4.32322,1.71479,2.2364,9.75151,4.80069,5.65809,1.27756,4.97121},
{1.29753,5.35031,9.28396,4.44647,8.32434,7.75127,4.48445,2.38471,7.32546,4.79199},
{9.89364,9.66913,8.78199,9.21595,9.40459,6.72316,4.9687,7.61625,5.8152,8.74208},
{5.55474,9.01285,7.32572,6.07661,2.6455,4.26574,5.49349,5.39984,2.16262,5.18237},
{9.49513,4.67111,4.74851,7.62435,9.96624,7.23885,4.4616,3.50089,2.97,4.7443},
{4.44865,9.71694,7.64113,7.65507,3.82666,5.90134,1.85474,2.19197,7.27881,7.15453},
{4.51775,4.28525,6.38087,8.97919,8.53378,6.61132,9.04673,7.0222,7.9587,3.76718},
{7.32454,5.63841,6.86885,3.14948,3.87387,7.94142,1.54024,2.28514,8.71981,4.30859},
{2.98953,2.04858,7.78864,7.1899,8.00633,1.53872,2.32873,8.23503,1.13248,7.57083},
{5.20228,4.85364,4.66984,3.1849,8.10024,3.92678,5.47589,5.7772,6.30832,3.60302},
{3.14123,7.26401,2.83569,5.58295,2.84014,3.54105,8.28956,7.31107,6.85348,6.04193},
{1.5797,2.25497,3.02153,4.20284,3.10794,4.68648,8.29525,3.77602,8.83271,1.32928},
{1.41006,3.77829,9.54493,8.65811,3.56703,6.67708,8.2196,9.54792,4.17774,6.98599},
{8.5183,5.92835,1.6524,5.48729,4.40567,7.84317,6.93202,2.24237,8.49973,2.06441},
{6.43483,4.21622,5.20937,3.4879,6.90252,4.65178,1.95019,8.41318,3.63122,3.44887},
{8.9059,8.71521,2.02013,9.40354,3.50313,9.26037,9.08707,3.61398,8.16843,5.67201}};

static const Matrix restrictions_aux = Matrix(restr_rep);

static const Matrix restrictions = restrictions_aux.transpose();

static const std::vector<float> costs = {305.15,913.019,966.441,560.746,732.461,612.012,709.202,533.388,451.204,907.599,283.019,29.3962,258.758,923.961,938.135,48.2075,216.895,623.097,719.969,84.1912,846.565,259.635,686.698,909.837,175.402,934.774,26.8365,161.597,411.816,23.8335,631.004,141.233,776.617,432.035,210.527,382.287,871.169,861.379,173.604,426.033,39.5309,607.971,612.595,190.458,558.745,992.195,914.76,403.797,668.764,143.755,463.293,915.625,356.146,462.376,240.148,40.5662,752.395,293.545,714.797,413.697,809.733,789.342,317.406,873.718,717.96,742.634,656.564,598.219,786.294,287.934,306.955,652.944,465.578,359.579,414.152,113.305,121.976,737.292,40.8668,708.623,380.45,709.835,915.485,66.5408,406.273,808.131,690.986,390.062,743.667,107.587,808.752,262.425,711.593,409.976,832.015,241.423,516.462,189.915,890.233,96.271};


static const std::vector<float> min_impressions = {90.61,70.1869,61.9074,67.3474,80.2007,69.5962,97.6762,84.2864,77.9417,94.9861};


#endif
