#ifndef PROBLEM_H
#define PROBLEM_H
#include <iostream>
#include <vector>

#include "matrix.hpp"

#define APO

static const int media = 100;
static const int segments = 10;

static const std::vector< std::vector<float> > restr_rep {{9.14368,7.8556,5.02966,2.31437,6.29046,8.40019,6.01229,3.95571,2.87015,7.12805},
{2.54778,9.63244,1.26974,3.87826,6.52586,4.36519,9.26826,6.30177,9.12174,1.2957},
{6.46308,9.39131,6.69162,1.52353,8.3857,4.3483,8.45035,5.79286,7.16011,4.30979},
{6.14573,9.26282,1.76495,5.36056,2.73006,8.04726,8.37618,9.36224,2.65858,4.69761},
{5.85657,1.16452,2.89935,8.2115,4.09312,7.12848,8.22219,6.88845,9.75462,2.80108},
{4.58834,6.17329,2.9478,6.11323,4.60126,2.4882,5.57538,9.98541,4.5586,9.63352},
{6.10005,2.65057,8.40502,5.57767,7.30716,4.27339,8.87001,9.98964,5.78094,7.41966},
{1.45391,6.84439,5.20487,7.25476,7.16848,6.30348,2.30557,4.12736,6.60967,7.74955},
{3.61544,1.16981,5.89766,1.32576,5.2476,2.99871,8.60877,8.9789,4.25021,9.73085},
{1.00851,7.31601,3.16444,5.24482,2.44978,8.88936,6.8458,4.6859,9.35268,6.06979},
{5.45381,2.07689,7.19079,5.90918,7.05227,8.21484,8.89489,4.93393,3.2656,4.87562},
{3.02429,1.68749,1.37738,3.56653,1.93099,6.87959,1.99837,8.6981,7.61,9.07204},
{5.27142,8.52385,9.95398,1.53794,9.39122,2.07355,3.62309,4.81381,4.26821,1.80237},
{2.9305,8.45421,8.99467,5.52345,4.77791,2.89294,2.43175,1.87083,8.13725,4.4468},
{1.37093,6.03199,3.77903,4.37974,2.08719,8.91314,7.17297,5.33221,8.52929,3.99904},
{6.7887,9.57148,1.89339,5.99495,8.0318,7.38967,2.44159,8.44345,6.10103,5.96667},
{4.77922,8.78023,8.07638,8.11347,3.44044,1.6109,5.12131,7.99354,7.39057,5.37753},
{8.82126,6.8325,1.0465,8.90903,1.06132,7.55273,3.73761,4.22904,8.22747,3.50662},
{7.95224,4.75183,6.73661,6.58076,6.02826,1.71463,9.3892,2.72926,2.89693,6.56513},
{3.89656,6.03463,2.76508,4.94077,5.3081,2.45196,7.1579,1.75872,6.13328,1.80827},
{5.88596,9.06546,6.49614,6.55995,7.83638,9.41795,3.42721,1.01408,8.9912,1.63165},
{9.46416,6.56704,1.97207,3.14847,3.31786,9.28104,4.60927,1.04209,1.18907,6.992},
{7.53839,2.43195,5.22384,3.62339,6.10472,4.04761,6.13341,7.19279,2.88495,6.97134},
{5.15795,9.00508,2.1597,8.99212,6.01625,3.65943,2.09828,8.29438,7.68798,7.30725},
{3.76047,4.26405,9.11669,6.68575,1.35856,7.12658,4.65869,1.52609,2.03733,3.11774},
{7.87571,4.87756,7.17384,5.07905,7.05493,7.94548,8.28355,3.52022,2.97249,2.33526},
{2.67395,2.23748,7.33853,8.34091,2.99358,4.69475,5.06736,7.98457,6.16262,9.13246},
{8.92318,3.43367,3.91892,6.16817,7.18288,5.54284,8.40305,8.08228,1.61423,4.19769},
{9.38401,4.63638,6.75084,9.66673,4.10326,4.14349,1.31466,2.24893,2.08652,9.95923},
{4.10608,7.95767,8.42195,9.23664,8.83186,2.17161,1.947,6.05355,5.95722,2.01602},
{9.26538,9.29628,9.30377,1.22609,6.38973,9.52985,3.63732,4.65888,8.97542,1.51763},
{9.57411,1.03465,9.8025,6.28629,8.53725,3.92303,4.41071,3.12348,7.61917,2.09324},
{6.27629,9.24934,2.50806,6.05106,5.72116,1.29832,4.66315,2.15977,7.9095,1.45996},
{9.37582,3.81806,6.09507,4.47284,7.34135,3.4482,3.05929,2.10055,2.54403,1.10082},
{1.77113,1.15627,1.89864,3.31758,1.95296,1.66526,1.60036,6.34244,4.2516,1.17635},
{7.05709,2.32786,4.61722,3.84467,2.79167,9.24234,9.69133,7.96097,3.87415,3.621},
{4.11634,3.27026,5.41818,2.4392,8.75554,8.73077,7.02886,4.53116,2.80598,5.61547},
{5.57442,5.82406,3.91215,8.1383,3.47317,4.62722,1.91833,5.68852,1.68718,9.47001},
{1.62858,1.17074,6.10961,6.34642,8.67222,3.51578,7.66838,3.05254,2.33742,1.05957},
{9.97616,3.51474,1.32362,1.61403,1.32855,4.54944,9.20433,3.89925,2.54993,4.23283},
{3.8048,2.47258,9.21642,4.36609,2.42587,9.29259,4.56977,1.93495,4.15877,4.01249},
{7.65072,7.29149,3.43377,7.71566,6.11629,6.00282,3.53664,5.22922,5.00352,5.90054},
{4.23282,1.08339,5.15438,4.32857,9.75146,4.93478,8.91713,2.53697,4.11741,3.83448},
{6.78928,2.50139,1.02556,9.29919,8.53205,5.43888,6.44755,5.82562,4.73893,6.2671},
{2.27095,5.5308,6.33918,4.63531,8.06583,7.4227,4.43689,5.00223,5.84392,5.98392},
{7.25181,5.70595,9.29534,2.03093,9.90792,3.44305,7.80621,8.25508,9.34187,6.89054},
{4.18693,1.29428,7.85782,5.83145,5.68576,6.58812,6.36686,1.30822,7.56585,7.40985},
{4.83038,3.04092,9.46757,8.31893,2.57951,1.98167,9.49042,6.87185,8.72961,8.93384},
{5.25539,3.37766,2.77309,2.10346,7.29724,2.02012,8.46994,6.99572,4.41874,7.57528},
{4.91934,7.56852,9.5844,6.80621,9.97378,6.23515,9.79443,9.60604,3.9592,9.87348},
{7.73125,2.95143,5.77351,9.0615,8.19699,4.60838,9.36316,7.9039,3.25312,8.35524},
{3.3697,3.6356,5.7602,7.20074,3.51021,9.40324,6.26782,5.72676,3.04155,1.76949},
{7.88315,7.81702,1.63813,5.6105,1.98968,6.54907,4.84396,1.74631,8.7798,9.0724},
{7.26775,3.92337,3.37732,8.92038,3.08839,9.59193,6.13211,1.40784,6.62641,1.35517},
{7.11865,5.2897,4.09665,8.57678,2.45463,3.29302,6.30554,4.02426,3.82068,8.32861},
{4.51335,2.93929,3.11499,6.262,8.73999,1.60966,8.53842,9.71554,4.9188,3.33438},
{8.50598,7.74751,3.56531,7.24618,4.08589,6.98343,8.09428,2.54672,1.79694,2.24243},
{7.7626,4.97118,2.47746,1.62921,5.58922,9.89091,9.59112,5.03815,8.78511,3.46935},
{6.09631,4.94691,2.25744,4.45897,3.58507,3.77061,5.87478,4.29561,7.51174,4.98467},
{8.10878,7.53029,8.39906,4.36715,7.11373,6.18264,3.46549,8.43244,5.13901,7.32669},
{4.37783,6.34399,7.09141,1.76566,7.86212,1.18294,3.56147,3.6733,3.82136,7.4768},
{2.60816,8.00433,5.17778,3.59784,5.50766,6.71773,3.19779,3.31764,5.11575,1.29895},
{2.09008,9.24559,6.35924,7.75294,1.42215,4.07981,9.89934,6.75037,6.37028,7.09847},
{6.55837,9.67059,8.23636,7.89362,9.12489,2.55851,3.71729,5.91045,7.15373,1.47836},
{8.79726,2.4917,8.26584,8.81464,3.82769,1.1537,8.54417,8.28487,8.70062,4.46504},
{1.26667,1.15448,9.76274,9.77358,4.54064,7.94621,9.10308,2.51357,4.36971,1.24054},
{6.27766,6.06791,1.10189,4.76926,2.21622,4.885,2.27782,1.65579,7.55387,2.06812},
{9.79905,5.11994,5.71694,7.3315,5.73262,4.343,6.58617,7.45713,6.0141,3.78467},
{6.82151,2.09729,9.41421,8.65243,5.44298,4.58958,1.31869,5.32419,6.5929,3.79113},
{4.85807,8.30675,3.28449,7.23087,9.67203,7.63916,4.65303,7.16207,6.80955,9.47809},
{2.41443,8.13883,1.38654,3.86989,2.63327,7.06698,9.20771,5.96972,5.04994,2.14417},
{7.78636,6.22479,2.60721,5.78034,1.51769,9.74861,2.39059,7.95543,4.7969,6.61391},
{9.94816,5.03592,5.28268,4.01984,4.53039,3.76921,7.30606,3.87369,8.38479,8.80188},
{7.64902,6.06144,2.64016,9.33955,7.89086,4.93502,8.37282,7.93476,8.96979,6.10224},
{7.91742,6.74644,8.32155,5.48649,8.6029,1.69717,7.81359,1.36052,7.03807,6.02672},
{5.67509,9.49284,6.96217,5.37419,5.70938,7.67754,1.17924,4.76796,5.61385,4.02869},
{7.14578,9.82939,1.38288,9.15003,3.29954,5.88123,5.93155,7.3487,9.9999,9.33815},
{4.6336,3.47837,1.34277,1.15345,8.03662,3.09208,9.21781,4.03753,5.98041,8.48883},
{7.91035,7.58392,1.77141,5.43994,8.68922,7.10833,4.02928,8.67539,1.90548,7.35426},
{1.07237,7.3084,5.11711,2.19459,1.93643,3.19119,6.51486,5.60361,4.5519,5.24572},
{8.22814,5.88988,6.72547,9.86082,7.07282,6.84752,7.62736,9.25785,7.33422,3.43425},
{7.59396,6.0175,3.46047,4.11215,8.13658,3.04405,1.90823,4.46122,8.44977,5.63707},
{2.30897,4.43092,9.35186,9.50554,4.78439,7.84483,1.09932,6.3809,2.27562,6.3975},
{1.18611,4.83482,7.73734,2.15866,3.5722,4.03727,2.37531,9.04767,4.81386,2.72329},
{2.2815,4.13485,4.55421,5.35794,4.7987,8.01001,3.70337,7.04349,7.98717,5.75111},
{7.49363,9.40139,6.27519,5.69904,4.28104,8.28171,8.47789,1.90918,5.71164,1.63888},
{7.37916,1.89134,3.9598,8.72772,4.11341,6.20483,1.33104,5.33416,3.9666,3.28203},
{4.26221,5.61094,3.27775,8.31609,5.22919,3.28714,2.85777,9.41499,4.05196,7.10587},
{9.64671,8.40947,3.10382,1.95649,3.55189,4.52752,7.31839,6.91041,8.01184,2.24266},
{5.41461,5.5036,3.58228,5.28699,1.08904,6.88723,4.59014,9.80007,3.21684,5.76102},
{3.62513,7.74741,5.14109,3.42297,6.94682,4.89951,6.45906,7.58455,7.98319,5.1054},
{3.53368,4.57553,3.82261,1.05005,7.41724,5.37942,1.93936,7.55583,9.25001,7.12208},
{2.89663,1.29703,9.98481,4.34173,5.06506,7.41725,9.47468,5.76409,9.98985,2.73632},
{2.08242,6.79902,7.28576,1.64486,2.12505,4.66063,8.00126,7.48455,4.29223,3.84752},
{8.44501,7.04421,7.63016,1.96646,8.47275,8.22451,8.28373,2.70747,6.19023,9.81573},
{1.64096,7.87963,6.77836,5.73068,8.26909,2.14362,9.27285,9.50911,2.55539,3.54395},
{3.62301,8.27469,6.15802,1.79015,9.55304,8.32392,7.43923,3.49786,1.2054,2.86359},
{8.5237,6.38034,1.04652,4.80281,3.30777,8.34225,6.29321,3.57461,3.9846,4.24945},
{6.72051,6.91682,8.9236,6.4643,2.76885,2.07916,9.74256,2.67828,5.36396,6.32745},
{4.96034,1.609,6.49205,3.17292,7.11879,2.91675,9.49461,1.34361,3.33049,2.79517}};

static const Matrix restrictions_aux = Matrix(restr_rep);

static const Matrix restrictions = restrictions_aux.transpose();

static const std::vector<float> costs = {507.51,458.857,385.087,792.412,998.813,921.581,798.123,466.056,251.818,14.3392,918.088,490.179,255.682,165.361,451.852,777.559,303.663,582.908,704.815,59.3699,516.911,961.494,783.078,283.402,918.43,110.575,776.137,500.926,348.604,140.359,660.414,822.785,469.981,192.942,832.012,597.207,323.005,324.414,437.502,573.175,707.154,267.325,211.573,766.44,184.265,247.732,421.349,45.7285,911.744,24.8995,987.991,106.156,23.9462,471.584,337.188,815.149,400.951,323.246,965.479,459.636,210.26,353.389,574.391,938.621,403.758,648.342,681.287,184.14,737.856,66.5589,225.149,833.492,988.441,116.296,562.948,845.766,873.588,170.368,719.419,415.628,56.7988,742.756,129.233,84.4542,949.883,532.423,373.968,410.243,572.839,684.088,80.0884,352.741,383.296,159.414,750.032,73.532,867.372,362.401,639.057,975.869};


static const std::vector<float> min_impressions = {30.7712,92.4938,26.2117,61.5858,63.6991,72.9822,95.8355,26.7685,62.4957,66.4959};


#endif
