#ifndef PROBLEM_H
#define PROBLEM_H
#include <iostream>
#include <vector>

#include "matrix.hpp"

#define APO

static const int media = 50;
static const int segments = 10;

static const std::vector< std::vector<float> > restr_rep {{3.45743,8.92148,2.60181,7.14269,5.34927,9.3599,2.68637,4.08839,5.19873,4.11839},
{7.52665,4.12071,9.31817,2.7936,4.25859,8.39829,8.05974,7.0284,3.44614,3.09789},
{4.02364,1.49082,7.55293,2.73196,4.56804,9.98938,9.32463,6.23235,6.90656,4.85777},
{9.28317,8.56222,5.07699,5.96744,3.51872,8.50305,5.69836,3.74387,1.96832,9.68274},
{7.75708,3.23537,9.6548,3.95097,5.5838,5.93394,7.41827,6.47837,7.18205,3.43345},
{3.46667,9.44625,8.21501,4.08588,7.61407,9.49075,8.95383,4.9572,1.36809,8.61188},
{6.49055,7.97272,6.0541,5.75162,4.81532,7.47843,7.27793,6.19489,9.72036,2.38675},
{2.99288,4.1639,1.7028,4.44587,7.20872,1.62046,7.70479,3.54477,3.87435,5.64654},
{4.8432,4.93817,8.59079,1.71577,5.33662,3.63836,2.4848,7.84741,8.91361,3.62185},
{8.82311,7.531,1.55587,7.91023,1.7595,7.99887,5.98535,9.31728,8.00922,1.86522},
{1.78203,5.47472,4.59143,6.97748,7.44214,7.40787,5.0562,1.68547,2.46824,3.98448},
{3.14032,2.95711,3.0008,9.65057,1.19723,6.89739,1.00598,4.30297,3.85475,9.43308},
{3.8624,4.56525,8.69229,2.03022,7.05134,4.85744,3.93671,1.44635,9.56653,9.09258},
{4.45913,8.32552,6.71478,2.78974,2.23104,4.43222,4.80857,6.46084,5.13465,8.67446},
{1.72545,8.17868,8.93217,2.85745,9.82076,2.14133,5.47405,8.6511,3.69013,9.94086},
{5.11946,1.16439,7.33615,4.05867,6.1833,2.57301,1.76663,1.99061,3.92237,1.09608},
{5.97125,5.66735,2.86312,2.14815,2.40436,6.11709,1.23035,9.08175,9.58153,6.58666},
{9.48591,3.30552,5.42966,3.43404,1.08412,7.15282,2.60181,3.93321,1.02946,8.14145},
{8.83965,9.40561,3.89509,2.18749,9.30722,3.02998,2.58542,4.75364,6.81488,8.40737},
{8.65971,6.69617,6.18752,3.33791,7.39031,1.48316,3.0051,1.72876,7.16059,7.28576},
{9.04087,9.62808,3.8961,9.68664,9.0602,3.92708,2.72186,9.0757,1.96186,5.36545},
{8.14608,7.01566,6.30424,2.52709,3.38913,6.46764,2.67935,5.47872,4.92339,1.58548},
{7.84005,2.36065,3.83945,8.40471,1.06352,2.65003,8.73107,4.55049,3.73701,3.77304},
{4.35941,8.61579,1.04606,9.48127,2.92445,9.39122,9.19594,2.83918,1.36588,5.66886},
{2.01266,1.57132,4.27095,1.48185,6.79171,9.08995,4.7866,9.7021,7.81203,2.42673},
{1.60857,3.95305,2.33291,8.79944,8.99242,2.648,1.92024,3.04562,5.5603,7.74956},
{5.24584,9.0066,8.78296,4.85637,8.05721,8.39724,7.95812,9.77312,2.98968,5.57645},
{8.2936,1.36506,3.06656,7.23917,5.00514,8.00603,3.1385,3.76127,2.73045,2.99257},
{5.12339,5.26063,3.73968,2.31482,4.82076,5.12286,3.78258,3.11051,8.72391,6.68032},
{6.28269,3.60813,8.01873,9.85709,2.10303,6.8042,3.69915,7.03291,9.00089,2.00968},
{6.90471,5.79271,9.52246,3.34923,1.36269,3.72898,6.75336,8.39119,4.66284,2.14475},
{7.29177,1.12387,9.00551,3.12106,9.81504,8.90817,7.89169,8.99838,3.56211,6.17127},
{5.49866,7.71656,8.45075,2.78396,3.87641,4.19029,5.15581,2.53636,8.01941,8.70373},
{6.16686,8.78499,6.50972,2.47042,4.52806,9.36574,9.16463,7.10408,3.04283,1.32903},
{2.46445,6.64919,3.06608,6.47589,4.96752,9.14686,8.04308,7.274,4.85431,9.24161},
{3.45314,5.17049,3.56266,6.07189,6.19883,1.11261,8.71975,5.80771,5.86443,2.11207},
{6.78516,6.59726,4.47865,8.44531,6.60307,1.18705,2.82595,2.10115,4.9936,7.5437},
{8.58787,1.50094,5.99237,5.10492,3.86169,1.77843,5.35959,1.92759,6.71816,5.79285},
{1.03316,2.10396,1.50368,1.12176,5.0267,1.47663,5.05891,4.95457,8.95535,1.0938},
{9.90489,2.71344,4.77264,3.92575,1.14792,6.5866,2.04481,8.29398,7.80977,3.63459},
{6.9157,2.06239,9.22581,9.40356,4.43679,9.32937,9.35616,1.38519,9.16448,1.95125},
{5.09602,6.64122,6.72881,4.16533,5.43284,9.20369,7.13752,5.87666,4.6141,2.5183},
{6.96633,3.15593,3.17688,6.5818,1.14167,7.85752,3.78106,4.6088,4.03602,3.81978},
{3.92612,2.5419,2.62559,4.27408,8.33822,4.24515,9.07968,7.27777,2.10245,6.56234},
{8.90095,7.80951,1.17808,2.15672,4.62101,4.9539,7.00426,8.63506,5.80591,3.47445},
{2.91891,1.2447,3.10487,1.0352,7.82723,1.04385,8.89832,1.38079,2.41183,4.37479},
{8.76166,6.74838,1.5274,3.65275,6.92418,7.61433,5.2168,1.25023,1.42473,6.82179},
{4.26497,6.54416,3.68212,9.67637,8.56698,1.06151,7.29109,4.7403,3.29973,5.14968},
{5.66112,1.3042,4.32232,3.52957,1.14445,6.00764,4.73441,7.82359,9.32123,9.38232},
{5.19795,9.49238,4.56324,3.79756,5.99736,4.62567,1.75506,6.97515,3.03142,7.5445}};

static const Matrix restrictions_aux = Matrix(restr_rep);

static const Matrix restrictions = restrictions_aux.transpose();

static const std::vector<float> costs = {623.699,34.729,519.859,130.692,823.095,535.782,581.256,952.535,743.889,545.754,386.37,304.321,929.018,185.336,708.738,337.643,368.326,588.844,90.7031,279.475,364.382,211.24,514.372,30.4315,934.06,115.944,865.736,814.877,482.004,832.423,839.104,452.621,573.267,706.395,695.876,535.357,711.42,475.52,368.249,456.413,138.974,934.036,710.663,431.466,457.895,585.714,736.666,209.612,865.357,841.351};


static const std::vector<float> min_impressions = {48.7688,22.0753,34.9583,49.1938,26.0996,37.1375,41.0813,40.457,25.9814,33.9414};


#endif
